19245
502834
346209052
19842
13579325
774
319469513
852343795
971544027
576100
580932
392710546
672141898
928
1000
17604230
695975
18100284
956089203
1044
708089
708265
18446050
18628680
1060
1065
298816019
749325
173068635
29830
685292433
1157
30107
1164
45
46
21373181
555779920
707743543
255199892
775619756
857583772
862191
35905
35917
1382
1385
635223763
36152
36196
36327
944620
24561258
36356
57
380903816
678641631
1486
1487
26163701
306606756
26264764
38856
38916
1014493
686785724
41708
1084832
1606
41761
28240724
1125629
1125649
1135398
43677
43815
1178740
45338
45421
800382343
45661
45693
45702
30982749
1766
1767
1231244
1231287
32015446
1231509
1233730
32077404
1236493
32149395
32151464
32259540
838908036
1241072
1245018
33419562
663344349
49662
49830
1295730
780960379
1918
33724436
33724692
77
53695
36333441
36362085
53876
53877
626595519
53892
2074
1403199
994732220
1512460
1512535
39327059
39327163
1514958
39391695
632264372
1515430
1517756
58384
39681286
40075625
1585260
1585264
1592069
1592508
1592530
62906
62914
63184
42717836
42720384
63208
63211
111024733
133182046
42736448
111190930
293331938
886069748
891151293
111198131
335158271
748167953
510447936
111729715
63269
42790948
63309
63340
63347
42864212
1648954
114824534
1649588
2441
1688061
43960534
1693723
1701634
1701994
2521
2590
184801917
184834229
1752769
185085857
48211831
48233424
71459
689018260
2755
73714
73728
1916988
73756
711916697
73830
49945719
818562578
475834052
50150608
50150885
58988998
50162826
144058578
521931449
825401389
216163281
1998801
506832554
247803375
351367080
351415767
142395230
194150398
173325931
119
3101
80852
2105812
81056
2145196
55784344
2148165
2150731
454033776
82878
3197
85014
3424
2314961
2315152
89070
90771
786246418
62257670
3569
687960062
927181624
3748
65934029
66082570
2597906
2613824
102896
2675316
102900
2675425
830428494
612356338
913983506
860030305
639335356
70659388
4035
106215
106230
106456
2768043
71980141
4100
106613
4102
72102308
108880
913715581
73662685
915403776
73802617
921485018
962155969
2903736
2905000
75651984
112013
2912722
112042
2916398
113601
2953787
113614
76935112
2963316
77051304
4393
115912
115990
38787420
116006
4464
3017747
116075
116077
40346246
116206
3059243
117759
818892985
79675756
118027
3068748
3072674
119976
81250941
83945824
228315048
4882
129596
129693
3410933
3420461
197
133218
133488
133566
396329689
3516124
3516389
3518626
3518724
135355
135450
3525902
91674916
3574121
5292
141536
95745408
141652
489734721
3684641
491478994
141756
491672155
5454
141809
141861
213
144018
531414715
144032
531512873
3744852
144034
144316
146882
587303275
151065
102125085
151149
151169
151230
3932115
121447067
151312
3934143
5821
104886696
6167
161019
240
6408
986550760
942389181
248
655070667
668581873
6459
113667470
118053592
16070993
851344578
751219286
170756
115826884
4666089
4673330
186148
277300862
4941747
190310
196862
133345373
7591
199509
199788
199933
202935
5279045
203210
455618673
211956
860545271
212102
212113
5515674
8161
214322
214324
946659776
767210223
214468
8249
8262
145226580
5586606
815153164
217172
5646856
217287
5650938
217365
5651504
8362
147002522
217510
147054653
147082423
221141
221423
221453
5757991
221565
221602
221629
8525
29304425
229455
229481
8828
34206556
8830
229643
155238818
36334590
229677
5971870
962682226
8839
231906
76117529
231914
77300094
77954795
156981889
6042126
158643997
340815508
234895
234940
234941
158831457
235086
6115230
6213947
161566183
6214320
239032
202603787
161669604
161670536
303527169
6219052
239205
242770
164390673
6322865
246986
247083
167125189
167154248
346223034
249488
733106061
249533
249578
168715045
6498289
9614
9617
250061
6560808
379
6667887
173519098
6674000
256703
9874
256729
9877
176165748
10030
123198987
396
10302
6964300
181074119
10386
10456
404
273441
274600
674167254
828203964
617101390
408
186473435
7173860
511268489
204664218
7211716
10706
278656
278660
7268500
282079
282140
7335660
7340156
32418599
190877530
282380
282406
7342561
966190416
7400255
10960
192635234
192716512
286165301
51321882
11057
11064
287721
7523287
7523573
7523588
7523729
289379
195674783
276163673
195863754
197016970
7581724
197128088
197174154
533383067
291764
197286692
372915461
377287066
11226
197309387
197363756
7590952
159139737
7634151
7634452
198499016
161017806
248599683
163428410
163456372
198595534
255078695
7638623
163727203
199742013
295736
295766
881798760
200678700
295914
11382
501751570
96450719
8143861
8143922
8144297
317290
317292
8252795
12214
317569
12219
130771338
620424548
8314253
216180472
621356141
216212988
12302
216284998
623466897
260552522
263979842
49813629
628032395
628858051
254257917
320262
216555044
217973717
322535
8388712
322823
8398772
326538
12562
326832
326904
326911
326918
8503594
8503772
12716
330881
12728
12874
334781
334866
334952
334963
334988
12895
8736265
227268222
909254048
647099100
8747593
12975
337370
228094260
228096070
16499426
12979
337458
337467
641374875
337642
337692
8780387
339847707
937201046
937419889
12998
8823937
8824119
8824171
8824312
8826678
8826850
339602
8829724
8833381
339747
8833780
339918
340137
340224
340351
230084860
230098549
230206540
340709
341628
8882452
13155
8896982
342306
8904017
342469
8912032
8912210
8914736
8917433
8921463
231961140
8929575
232235749
343821
509
344126
49153379
344173
344260
8954534
344427
13248
344455
344572
8960748
344646
8960908
8964519
8964545
61845448
233331051
8974304
233380583
233884981
9034927
9035094
347508
9035228
899461996
107842206
9037483
9037586
347607
347610
9040237
235046187
9040310
9040472
235057454
962499117
114111112
9044573
347870
9044677
9044697
997192646
115280017
235205562
115354276
235212543
162131507
234956020
348226
235415792
9056416
391032508
235580064
13404
126512058
313122862
9090322
349739
237518151
9158765
352442
352487
352519
352520
9170465
13570
194180633
349045881
355414
356968
356974
13733
357072
241381841
9283981
9286301
357176
9286583
357181
280595182
241603106
241609882
281870080
9294664
283211898
241800618
9302664
357928
357947
13768
9310006
535
13915
355750593
431580482
244733507
9413828
13926
9417442
362272
9456673
9456812
598073869
363739
363823
9462061
399405651
384841273
364239
366198
9550366
716002205
9845412
378814
562
14695
10079711
10154019
390545
264022082
392909
910148730
10323279
121414934
405247
405248
15592
405405
405426
10541393
10541630
10541692
405501
15598
15599
165283731
407769
275719672
407952
408142
15698
10654578
409800
10654909
10657457
409906
204574372
10657665
15771
15781
410441
410656
410700
277633613
410701
410703
277644164
410805
410831
410860
10782916
414782
414790
414860
414867
414869
10788652
323398326
10837327
442824
299538717
17049
945259685
17311
11702607
