13733
1044
4464
356974
357181
410860
17311
9874
1149
118027
450104
1000
141861
9617
239101
15593
410656
151091
2068
502834
282079
5453
228060854
117759
1918
10704
10509
7211716
58247712
357947
357083
340553
8839
409702
10657226
9283760
250061
10706
14695
1065
9283981
12979
273441
5661
409800
111717919
144461
780960379
15771
15680
26197
9877
144316
4882
392909
184835669
2912722
38676
10788600
5821
408101
373049747
344427
9284007
1588013
6623
217287
937424996
356968
111908
7634151
71505
35917
13926
192661669
5438
217510
247083
190470
278660
9035265
442824
2755
168183
2514290
14133
97362104
10786572
250088
382074
414867
212102
239142
249866053
6322865
1923
71501
229455
357071
229680104
163456387
237518151
291870
5556
59357
784
197173755
176165748
348226
195674783
948236870
206416632
126512058
84329291
576100
39046
318962058
357072
6800
133566
10214505
407952
10654909
167819
218106531
199742013
1188037
146882
227268222
281870080
88642
5651665
13057
216542557
11513443
7173860
390545
161017384
45693
4468041
111190930
319778
3525902
12998
249578
229553
382088
334858
80593
12994
9845412
228315048
345221880
305755083
107807044
229410
119976
8830
630106466
163507028
217157
203213
3225345
15599
71649
214339933
282380
1649080
3518626
256078398
3933110
319786
171847
696166393
38188740
89283
243198
9044677
245885678
889663431
229273
144058578
216441492
10302
156972756
304233488
217365
9239925
26163701
102260879
2942
337692
8388712
368841
678641631
5749418
9290767
9936895
628951104
181074119
786246418
996270902
2072
50150608
352487
197304254
851350298
358589445
138553276
277741608
234916909
29875
405308
7462733
3280
190250138
345523424
120001788
686785724
3018223
71980141
221423
944506
62977
339765
102896
1125629
1515005
61845448
198487945
165724184
4361706
1008287
10783020
242770
340224
111857
217371
274600
9405915
948306679
8960908
53903
163551027
334963
7334073
864119910
930535525
10752
3020060
233334107
3934143
625405755
194534767
45820
42877873
115507880
7462899
124051
81291647
7590952
10657457
53877
393782103
81056
891319240
175471903
9292431
9416718
7523287
3748
296361624
40867479
5655
221286017
10964
13308925
9286587
6674000
103722038
184801917
7588639
1593
6031507
8161
111729715
10541692
587303275
334368944
340709
1164
276361240
8850275
967906799
3574121
339758
216167426
1178740
51917157
39327163
10657665
355544
8912032
214679719
317569
396329689
679255266
57444823
14691
216515846
34142434
261538394
346209052
9306641
8854397
5586606
345966055
163483646
139075087
116077
69558235
221629
10456
186122
229412
53728
3934131
4342135
190993679
9311541
381581141
9868
16070993
482466756
15781
8824152
255078695
1583029
9040472
6213947
501751570
2675425
822962194
111720909
114824534
161017806
147054653
10224754
335197
9413631
8525
8324601
817819854
709978349
111191014
161705433
948177379
110666152
10079711
532080593
450019
8828
53876
185971
163764654
115990
232982131
21835208
521931449
7631877
5572750
334937
20385148
7634452
42880531
7152
36347949
163428410
355044
326911
9044293
212933005
13925
43960534
7581724
186148
909254048
8932
609114164
529568691
408142
8708381
221453
714334467
214468
354939
68442145
1766
714115009
228245414
218473908
194035393
4783
241603106
407769
644392201
256729
217573
5513643
179990291
9158765
204791054
660160182
190325
678785400
342983425
155238818
815153164
216175673
13610312
9035228
228353625
6207174
756841902
928
668581873
289368
4033732
257880980
17049
328911400
228094260
5818
348151145
63382
6219439
78473817
5970518
56044537
26412820
12895
507718699
190293
11447789
3468927
77300094
355414
79675756
63211
2837
228362412
9048389
584353063
53892
9034902
834095346
12884
796710294
580932
289379
892264362
115963217
750606
6500564
9934307
891151293
235205562
9414213
111140901
591828491
241451177
291708798
392710546
801058250
13570
192716512
1010357
161354081
214805
5142
43661
7341905
966190416
277795111
5752332
116697786
8262
251182719
181071819
5576362
502845
216206140
282371
235161621
340137
774
163415196
12302
129693
156981889
964414115
232659634
21615614
8148353
860545271
9044697
337648
833146855
639335356
8256813
43958777
7591
45421
11702607
465981075
986550760
2903736
4209
89070
7340156
230110041
863
667135484
61388
830428494
3369515
961389321
52721237
143388902
275949491
326538
129292
96450719
22506250
6560808
141756
9243669
10238
10867
116160
7582840
234917325
32268007
4460123
8252795
663344349
228250196
1649252
767798178
17770681
216498120
829025
5646856
10833425
15592
9876
6964300
43815
91673471
89075
3372032
2908301
2675316
625463580
374448541
628032395
4106
1517985
155114655
51321882
6489047
377287066
6103832
860275154
17050
6214320
5965432
347508
776769
81250941
8964519
133182046
141652
13404
1400795
248795087
149680324
599990886
77954795
12681
26110843
851344578
1517936
196862
2544612
578418391
291838
8824301
982439121
83945824
908973756
128538556
530118
967411179
165057488
147036894
35905
946659776
65904799
12728
818899194
9614
128561889
355381
111865
114204463
11382
174300098
277300745
627478776
14013
170016602
992915598
112895529
580103851
173551591
5126
147934628
144018
8246097
9856326
56432
1643088
337642
114812795
33175
652611705
9456653
610354346
247803375
524298741
273187
187504635
783858031
672141898
78468098
5572782
49153379
161572339
8509
226312501
71569661
348613
4099
9456673
596575169
53891
192561571
477452527
355224
111586182
679192404
889689288
19245
95901111
257880995
1860590
4616
459806541
3518724
116700255
1592479
42736448
2150933
607984946
938960147
133488
4188
147082423
12990
66716161
36320262
8833780
30283
8522
1181
351567404
820034201
131483651
157157375
6029627
123698747
1851901
1002594
282406
346223034
202755763
3255
147050725
112117
380316
192709742
234482763
674277079
335289
406106332
165283731
8832
211956
572908159
80813
728669131
277633613
79540947
11299
216279168
115826884
216212988
51958134
185922552
283435818
751313684
621537672
142690657
549456340
1647951
9051281
14676
3068748
899461996
256892017
7341899
1229
102900
62554466
2314961
6107133
8960748
350143157
159139737
193179552
63876740
873
806449968
414860
10786561
962682226
41560
1110
323405535
352519
914829519
658587353
8602925
2909542
541808
286816045
9286583
38189065
619084939
15107
1514958
260369
199543
966851820
364239
129617873
96491
229643
9286684
326597
3361611
69330305
620424548
244769557
1382
284722362
358039
289893
32307
1649588
722599919
90838
355750593
265577149
10341321
106646
846160174
106230
378814
231314793
88918374
354986
232018
4100
270688890
195620352
252326693
154323461
6973760
227482814
235386834
230272419
18100284
10541630
652611690
108978
241561354
36203
322957
241310673
739448874
1916791
816422863
10786379
5651930
7318
909444296
413997539
4596273
275719672
362272
3744852
266232828
155263224
39574215
679676462
932548187
631767194
197124843
455618673
806537373
2613824
36333441
7320
129596
926095361
16961087
362329
438751672
1585264
133490
621356282
54609556
84602331
22550189
5965849
661994661
289446782
221092
410441
26079949
34206556
4361787
372915461
9164676
344572
397016916
161386543
124349798
5283552
141602
1401497
347610
986867905
3248351
230098549
8143861
256573
728239176
815390446
282450
79674763
211879
10661513
18539338
665882676
5514956
944609
344473
8833909
716099297
90292961
39681286
157100090
211570646
263316076
13610485
350492389
83055837
779494805
75538741
29737720
112013
655191485
58182
66082570
901810911
678399
695975
1916988
323398326
8967274
154478
621373778
221565
106215
1231364
134877735
99292380
618699432
142928199
274133782
827514379
10386
1606
299538717
533383067
655070667
818441174
511529702
36327
249488
888046873
280595182
9048422
79611254
114199093
4598192
2097999
5748411
8833441
2544957
347515
167162429
186520379
209869191
14945763
125078943
366198
231908
91674916
6674973
15177655
199791
161561347
867285898
200691046
63309
980360765
83025
287397
173507605
113393259
3017747
53906
675853830
897729132
1403
8398772
462261601
956098891
904743639
337468
86129136
65934029
291844
669799
204716584
347870
289254304
107814220
151140225
1396
415951
10215653
7523587
54750909
3101
1289448
227436964
612356338
9589885
344488
32195443
5651509
774886571
904813955
13579325
776935336
168714862
228061848
749345
53659419
144304
662951939
160889665
335158271
240806923
682884285
511268489
62257670
798490
3944
234940
235591459
641374875
36441511
10926
221566
362224
232253
268470363
1697949
18728949
270396348
151169
230084860
83124492
410834
113670185
390659901
155281053
326825
214678820
10602013
319469513
53747
235635009
512328059
994732220
14708
488936123
816643012
5763048
733106061
9849048
159171552
35763761
989926874
9192
2431
744896827
111909
6424177
220758428
45242412
151312
4777
230939507
13102
49850
11498982
14102119
36421000
340815508
216409270
711916697
5572845
836167210
9231163
11289
154991
12890
10782916
871628309
17826
1590
199788
934505080
158643997
239205
1390173
536555446
238284287
262072505
173325931
42733711
430445953
179313830
775119991
790736282
29304425
221249
145112716
205807482
252231
8745885
436538932
41289788
629411980
946112062
78362333
226442741
591171747
337708
8833904
160851188
412129513
714328925
182106118
36196
2953946
214322
85730507
39569743
408012
803172677
743084920
4533
365599750
114893818
904566812
424365572
40035010
20465062
892725165
361693368
145251775
22510975
145226580
238737
194031077
4186513
586126167
162131507
120020
235580064
676413
49945719
904962898
33724692
262052987
15682
3928385
9062604
229481
155280052
45588491
697296086
17604230
362061
886612089
52648156
797044
194150398
61406896
6462
961332213
1403199
954639293
344455
62342
8636
8521
3008089
212113
106456
756841887
161019
8499705
73802617
254257917
6451
29251401
15796
495757168
241555801
160859590
36349344
580309439
216180472
362062
838968200
233380583
468966370
18628680
10323279
860811022
628560306
967699047
308817363
200678700
913724694
1486
1643505
197173735
23279980
378794481
173054487
944669485
1241072
286165301
674167221
147016
229599
9807895
73722
151064
581672678
25964714
3018021
3410933
3684641
14071
8917644
273988342
328615264
9281179
334781
256076787
235674035
7634476
474171785
8974388
8314253
108970
18446050
57535383
157170769
603786891
623466897
228098421
442085905
528348504
556587831
1189
230098569
64055338
107842206
412126804
8503772
191009246
768344385
50063181
185890264
155262476
262066427
155349955
248599703
13749
626641004
12975
1289464
534962485
1135398
2594
204902210
942338559
748167953
665882690
141608
143354736
27569
238334627
2315152
962857215
6668975
113155062
215303514
400979342
514203699
235212543
13662
625282905
166374342
433185949
121447067
91673404
341324180
339602
63604877
188981019
351367080
890611041
282130
4465317
10393763
141536
996355874
7690
70127834
944625
111138181
40114665
217695930
837363774
27078
862372
142395230
363823
7413164
601472227
66153157
357493
405248
879582746
2720693
325727742
134963845
7694075
41131908
33434434
8256798
92927165
120336147
38921391
674167254
689002078
8144297
293898920
1767
17857620
59715876
139257943
380903816
125422262
410701
349846094
3932115
397337
40346246
3333909
9035227
421887917
5655279
55299850
7268500
216502090
479597319
258283934
123698676
55745472
405593
3894
13248
704908409
330881
8817
659483729
9164681
5090
1236775
947794309
169136375
8838
246298943
161669604
775619756
340471473
361976
16574
392746971
530750501
125836182
4370230
997384609
108986
583772
10079398
1600
161386694
228283580
996603574
337973
194180633
80852
3516244
246762877
9462010
39329867
9849183
955618708
571218804
63270
173519098
10837481
499369048
8829671
66162621
502574889
766929906
6042126
372915634
969816510
26161056
828203964
30655
11993637
884844478
382089
188180038
3120539
378591310
146886349
305219847
641373594
532091631
566308076
417720511
835876649
591512924
177009
3571822
8774161
943652409
282405
774365549
9470598
14912
904669799
937829565
6318425
311080600
316903039
108985
457769749
45197521
992918081
972363633
837387171
169933461
341628
802494554
113406476
293536
799
229657
765482453
322823
3515985
48340455
956067169
303527169
292980642
11222
75625620
32116587
859370247
149682096
904349816
6468
302227043
26194692
7338798
2963316
85779708
33805103
5971870
255254720
297843937
628035058
170395
45961
892465880
73830
202603787
581518582
17586757
320262
163726937
7523588
314447704
5662
464437148
291758
234945
289745522
963120464
132472111
567715427
30647259
867124706
963117085
112042
781983334
131860420
4035
235208487
8780387
99018127
281981
262052972
9034927
851350186
3472735
353416432
45774
256121365
668929001
910070279
817825911
317127
173068731
419522331
238405746
70430848
258974215
14692
867345506
337008853
5975221
164389
161705655
32015483
195605481
11040
198429529
292806279
370611173
8964684
496921771
687061711
3903
277644164
317465
639207841
11702764
137883883
158979079
30965260
113386670
73756
202310965
156819715
400278756
508930837
63341
1233737
217646184
148502108
337863
1855027
414782
9296
116409546
297979615
190844075
86131724
22421691
4191
235257713
216170076
911670736
50203223
380437187
484345699
320132
8157
216388801
71459
787339245
813267445
749325
228780776
692177642
9036
707866906
241381841
2538119
216388853
914
127240381
129402639
265851234
151262
816416083
194178045
171094
155245000
155175162
1135093
120046486
15178091
31837227
216431792
106384
1544230
9037586
910469558
8955849
2916398
10837327
89169811
3682971
495757183
966850722
679192419
303959783
70127746
7341613
269297
126951
228097680
594964485
328911415
121428007
4102
3119401
72102308
927181624
12893
69393390
211857197
707927084
55924276
929212664
73714
628858051
658854070
807608547
5356074
234863
363938
11330
10786784
410906885
291764
238237618
104929
248799612
291706210
106613
104574257
228993273
7400255
935400586
36340973
13923
971716060
716136330
1635758
683728286
251185579
109477961
305283810
221524
3516260
13392
592311
962155969
144032
275969549
126141980
946946019
26497540
133321
658564313
8246
164392267
92536918
4096
598073869
232204642
1135205
410493
702716649
996781326
78468200
947880145
13664
147231
467485
111198131
2074
673425202
152690498
2943
578461597
176525
113614
113981
260084043
882728864
809033673
190879124
60211344
233236415
881570055
938304084
8736265
9035108
587334208
581601912
536502616
200880629
772146447
3059243
274256750
291792189
16499426
478550013
114200336
282420
869212905
370822063
1517756
3372037
30982835
969971577
858571017
50162826
11757927
212205
22506235
10966
3744836
1006812
402781382
878915287
8506146
1585260
236428382
819015441
727223161
388589852
5303
242100085
262410150
480824750
347706866
111615167
1073805
2856
2590
24561258
506546538
275652181
15274
469602780
380732127
50039916
9058249
10146129
233884981
1523957
707743543
366521875
341630
76538
30107
560153608
126456
8247
570217146
457255322
113513375
22579934
167154248
934507668
221591
7473263
8826682
112021
8785440
7068404
140226117
407811768
931485342
61845559
190310
1467251
161397345
216494220
539750949
214570915
160689116
85299
181235852
364573183
161670536
5757797
874205665
620245290
710285678
228738807
200695476
392713981
78463158
1396947
10661695
993159355
42878997
87675543
39327059
265843488
36152
65881303
73534500
353868131
147036904
351345462
13308848
303576081
6422810
133210
28109481
344400
410700
662003258
915909949
429129606
640605106
36209259
149839294
99292569
312952428
19477632
310587045
543999779
5656917
804849397
767210223
713485926
234890
431558179
282217
137601870
963835232
13618058
442009996
9044573
1744
889665679
590830376
10426548
10629296
523506477
56878970
989432886
4310
9240783
908774901
1435308
464186104
8938
282140
423590
550251868
867109100
42608415
395906035
2587
1300096
734758948
9038021
60204221
275846
116068
197304268
90771
4273658
326918
41404458
34978510
6167
287675
91885932
635223763
423667942
797234350
627419574
339762
818447458
951051660
5502782
221058426
8745952
8427
12977
157327540
1398372
779152749
144884251
10541393
158831457
1917
257880994
661817627
845912004
63184
970261819
449384872
193923501
1512464
969256640
62264820
7453399
75497155
1385
872126404
775891078
6218256
513248926
111721169
955616298
8829724
506359294
340971707
525162673
116006
229677
1693723
1649148
32077390
945656701
6149
271293499
505250338
419579524
308828775
263979842
1582763
454033776
898013664
127261071
7342798
144034
410648
979055766
865402660
131411065
235085
632264372
54446800
352701
216234231
838925016
584536908
9872
171452683
65823789
640720934
1905
8710105
9026
980951557
144881820
343291453
115932114
477604539
344260
937422696
678397
26824675
930450744
4843013
527360809
469319655
134958893
76935112
899025329
119794
605291753
405247
119741
249865648
18543495
275140695
738378277
405178
522150747
197016970
8706588
327007
69735277
685292433
886069748
716136124
7007
2158669
4839868
159037160
704905821
3062106
733329567
454933745
680849255
71811888
383540529
687698456
235205451
572610939
287389
531512873
565498175
563993729
275968851
720380258
1859149
340976912
229991558
9888676
151140398
937201046
7634411
887570284
5650938
1006604
5761801
9037879
67959443
8833727
802521023
2846
618885332
689580102
295474702
1690817
280450226
46640476
9914256
159451767
232930806
175643219
675269740
166219930
9417843
237088177
221082
983993963
5503048
653598240
536316
582895699
297909676
761915069
624112219
352397
3744961
115121615
160050339
7155
137897
383860021
615777501
62957
173487790
773030117
70659388
857913446
163726787
82878
8954534
2151
39417503
374176911
26101379
186473435
419769981
343626287
159192465
9283851
322538
566139496
155237685
102555454
92937876
966901456
963852926
591140716
169394
226648975
233228366
41151857
7587803
192743830
292077146
824108204
231980299
337467
382970035
9417442
851273218
367076433
3463479
147165
927175707
122234356
32015446
22576554
8783169
583842882
620692256
5963233
6218908
8912196
195880357
124285
273253
5515056
588658810
358143
854026
442575850
155161791
42824748
317419
174302686
186539224
689672517
1084832
10224389
506823
177367728
328842177
339847707
501864065
477342575
514452473
238127909
49922293
214380927
863476051
2761999
788302017
203847
42724228
195613307
2766044
1512460
328615278
588116506
22032743
131860387
76522
59487725
918067561
985568323
786253937
6219334
659491198
8314210
293331938
157002390
265606618
161544780
813190477
360648461
167734
21373181
8958845
992907259
826376027
48211831
8140
628673982
621430890
2619
3225535
86033570
163456372
343821
195605466
9470612
114824189
869714390
37420663
166951643
54599212
53758
809245389
199076232
2853
531901148
2908509
32149395
167154421
111864
660094164
311175569
183133869
600603192
7268486
173068635
2145124
1512700
195620338
904665899
4671049
620421960
1596107
8194
102616627
2597906
816621356
961592847
404542401
229572843
198595534
766927318
129910952
310835554
416822603
226735206
1253
971544027
70658998
962959123
137648300
945259685
890966354
550633954
55865521
584600627
223808287
133541
1637421
5194507
143218899
929628922
386011754
90238032
418270191
9228433
116084
249146818
228278289
78461441
3120805
838908036
126781
247549982
365722058
9462106
774773480
60924556
76885
364711008
964028666
97595507
45338
6424162
275682935
5514280
564902961
449382284
66615674
406415493
160616
262666450
811300698
948568363
216163281
3686045
905393399
662159571
97467
50025201
808506544
129471023
575914996
9173469
6219023
229991462
768955051
115963202
1231244
228467082
220900333
418576035
2147691
333235623
2768043
53918
77051304
109168
185400809
190905914
289254289
566744595
2767875
11053
344642
23783
533302936
163610942
234916894
9035279
95913151
367153869
506418451
1401165
113601
296601927
42889307
769082046
3752127
303915820
836129828
366455573
183555867
246252713
14087027
1588359
891502406
377019023
31499
120950660
30927625
731238359
1236540
2533782
218645366
2448024
84144255
170756
997192646
227439960
228362398
10538027
621457328
136194220
397050
51890807
671756
980363487
552054569
48186477
13553
135250539
9046
1034249
76893
996613067
8141212
15099
142973896
71638794
4314
95757069
9090322
74189
772086480
199742586
71557
399059042
1989665
151119
392839
480606048
9470173
704100261
716431780
12219
571654326
630042180
76117529
585165081
10330781
85045
149702362
442887727
38576
123956
970498351
782795496
6910788
312917
837144100
8845843
211677
1927128
168923
224082743
149559050
143328630
909829461
9456812
830255458
3197
837265038
947948460
13261
111422169
168654225
976330960
627738404
620565330
78464406
731781271
186609372
202953
83861551
2833239
730465048
194663451
718711717
72092844
884045504
48201549
30991448
2432
14631
346010439
8503929
972936878
96384719
32259540
278037709
3059275
17395795
467519
43677
24585085
524494094
709467
8967177
509834015
961332324
257072076
8141561
61090
934415612
287602665
505595293
67551197
334474025
233149106
410805
596549872
166845157
8606870
229431830
232979467
183986861
352617
931999246
4941747
344799
37911110
19842
1367021
56492
78461426
294234311
2905000
868177349
97499032
260584
460839
61811758
2908286
403215492
179487036
486961586
916989180
707927085
901810925
216379060
34206542
71911662
944696719
326832
5302675
941297
409500758
228096070
36356
5123065
5572391
73905335
21825584
976953896
365035325
275682610
67895135
428480524
18361665
14916
10400906
531414715
244037568
30927640
115980
20901783
113520497
126006148
364573528
454031188
143454784
964007278
36334590
679307376
255254624
965230516
928224255
197286582
121414934
67009854
39053
106378
91426549
636310383
558764581
1236444
244887556
15952
421667245
20904462
111450223
521414253
331601786
966965078
742711404
944329783
923914716
177138
937425284
36029
250574787
6099895
42733437
37281343
102287737
3097
197304158
468789889
194104784
407672
904972595
684167820
884706594
616971797
10536285
49813629
291217046
488758453
6108744
75653690
965835645
24444528
6674958
659563579
9191
622089975
49467914
317517
8967524
31012541
839191508
887511250
1860605
48234770
36315
382767644
12581
40800891
626110147
3752235
982861050
582736325
1812673
470607403
111718069
4115212
84538
322951
14694
8896982
41708
624318
32023718
716136157
234916997
8739021
104907236
406463275
211717
152383991
71984425
281669068
583075910
663866382
106515
18409883
607105720
2150731
345090927
539121762
85703428
3426
107709047
975685250
74008
862536026
316656183
511286932
159451656
291378381
99894830
570030425
978019386
337370
896977595
42720384
263924328
3808165
4372510
931816813
855218667
54146606
406104077
533087584
923
41359
191062832
289313506
643547154
159456943
623258352
128662812
361984
8261
53825
1054
8393417
76021435
13770
984686873
874555629
234941
143110025
3753645
241800618
785290991
3571821
15400090
966751749
410059
13139
232655688
229692
113164916
129913540
137632697
955616358
477705461
857583772
144579937
905774997
223759907
827770873
848438733
451852501
39622902
2744
80645
216167420
542063983
567471139
600994
239032
647117568
227261403
729189099
159194938
4393
155170540
155278810
556773458
601447101
1930798
953572966
304040346
999108730
504740311
247547975
43524340
198602188
930544137
298588706
409229521
983595183
1924417
108880
931291260
113388333
44655631
224520876
229431845
753713182
689018260
801063557
268688256
111024733
42720307
405411
1542049
87768933
197152
678913
19477626
44245375
1187621
515438206
14758491
5563
880833871
246952974
607981660
38578
51981851
809070053
104486825
537477
30912021
1407
678881937
55924277
30101
451985431
13651
500802370
9459417
1255
348377853
695801942
2148165
244578670
49836220
768329902
13155
382650
168653965
12571
947176858
95800160
770334444
610478046
146801
107676590
330063095
687175823
8317652
158789844
705172082
204112738
76535550
36483178
152609521
933029
79540337
265525833
438976353
113403866
76083295
13935
41972451
5518336
160889651
342469
626110051
60204032
13315
548057303
472800244
5658
183131281
106593
252517
13786039
70340405
161660329
100285
345170
238532416
463466998
198495771
8967508
867109106
851347176
630115447
135613
3204878
833138398
600999130
260552695
464294071
1592069
3114
5664
588116870
235514493
226331204
915403776
99236944
286700394
525124294
228353514
216366780
383004514
874190474
894674788
8256913
10921
650319148
317292
273639
3210
195612918
954596255
42786217
216208881
18135
192712306
228125359
7638520
3069
76550
240168181
36341
87619864
679393247
2524729
846024703
151065
285135
322561
200151453
853112251
526764483
13767
33679043
5964717
13298
205326392
550776718
282144
4186506
8967237
159979000
3108
194304857
141894217
7341665
51893964
729824382
237250467
235205925
1690715
330947
245950555
442814
134878175
337963
64745160
1193965
4914570
3822435
99651177
78524688
366666188
761065705
102998
862373
277608592
8824249
621405833
4435738
712132143
116377691
803897361
630424216
5167
625855544
757
843374043
2912565
321416949
102559
487468133
215419173
228315247
807333201
9931303
2070
6459
39330219
654232378
6115230
38188481
378137837
284633
886069921
2713302
10654578
392896384
76477
520611848
334952
111190639
197058549
146818275
210138421
707914
38856
460052946
748053769
555779920
36846767
36984241
929717079
10671864
6667887
714284766
78464146
785563
509530787
4115634
109598870
606690787
73666306
871055378
11064
288493251
453132666
3518721
65083755
889373063
400045358
230206540
12217
825645717
122627678
837255349
24533738
169032286
931036156
5117
760907846
57907396
179302
70729588
8824312
153119645
1496
211957
840701558
199744
229883329
1078
294639181
70666148
889370475
27604999
196330961
236347320
898465186
340350357
467117525
370822076
6909960
759057492
5283557
96847930
899258934
111422215
24280454
549896186
117873366
452358735
17389761
185392210
934398820
655107305
399405651
233377538
1635330
5129736
367816233
70656564
575922302
570777089
131201380
125987512
734620198
22457
361904018
289881
995593044
63269
14732166
265824404
622719148
216717997
214492906
5454
281185984
123698473
295741732
397548303
733848844
536504457
285076
958944287
8348
41527
365701663
7523729
765675128
662804133
29519677
687539331
978475948
748658278
406770956
14719
146679929
2852
221551
850827489
337465
622719163
17414793
39389031
293455776
968071069
529035206
92867391
102253246
135544036
356843589
543997191
288594193
439167801
362049
312581520
169011597
199959
123734703
895115340
15177657
18734039
525162688
245872997
533320850
2067
120995471
5752321
342762883
198495315
40075625
344330
91422779
664320265
596581908
112802070
353418907
15698
237182753
61640180
875134940
651456132
12207
767246274
656496296
60239600
229704
684075114
112022392
607108308
732007536
4470
633701275
628865081
8858453
7523452
104358
720157839
170392
1157
197385
143412134
405501
627734153
1647933
682851819
761331981
151085
20143
818689505
232370
9456810
562475279
237400786
43891867
581613617
1285881
257974056
323345743
73724
8784506
291680
803106623
116898421
75737050
407873059
235333325
50071468
378818
75620198
45660
585285369
828185037
167098423
173551689
1139209
412117792
11364
129456597
8745833
863151823
289254303
36144517
42864212
591899628
761465345
946887888
318940721
731839835
50070006
135027078
30936612
476787916
49846737
295154366
234915947
439765294
36483193
723705118
665577743
770857568
635197169
767179113
970665989
319036378
768890859
269884632
448268364
185629734
729553830
133728961
166117056
1688673
653398612
836161548
111422221
833679286
227393029
591828824
491540578
42730765
363590790
288136194
275600189
146938784
462610397
807523106
1002995
179180
5814
947176872
61406622
904541360
393251
6219052
121509474
6042236
146942930
365914769
516514012
896976399
5292
622847059
295885
300726893
280375204
144312
775423182
3072674
26177131
183802201
216265725
214675
17465675
394496356
506832554
82521
6393386
566860706
260552489
20912403
324563658
885515830
111477646
405405
388697576
5587393
102311044
707984089
144893989
571403444
133001253
347581215
627414100
427623719
452366664
751223431
547167163
348229
428098857
35885
39390149
620406059
650932824
767674104
226309729
619860684
232907343
9056416
65049
214493
12883
9040237
505490908
676144
10940
260552522
711418511
3296649
8899649
200875925
635791206
240259998
319792
241048644
714601068
561806169
2707478
1192156
843227494
357193140
477604798
256313
78468090
591432850
758554204
221141
101965967
9044685
6101383
877319957
726544378
234889
229681274
11339564
596579308
232251
281680733
45902
126540305
811608808
513740176
137633153
12304
352571
132984478
2099987
270420295
695538940
247337
7674
54150751
719832802
518736970
36349338
146924407
479136519
114256384
844168221
165218394
7335660
1923947
7478322
188176918
348677007
654236628
1831370
170936940
561053921
684006424
6676318
10856
488935950
399533035
31837242
9821397
277640108
4183987
754915179
739137866
748700187
197321844
76890
7523873
699013366
232907358
161389097
189304132
20319
9470421
215201736
931565719
133182045
143219072
506328900
109919752
889530095
531203954
190914276
342466
11326
338764292
60221831
528164854
85941531
279694040
5750243
8552753
158899616
874291044
125027360
506821108
850557573
383568541
133305990
1187803
235151637
33802515
209819340
135251
708948955
35579382
484667913
22576539
1240490
238258268
14564
39576564
74037
91486543
9093389
8712322
1582995
143079344
141809
400754408
312949840
170581027
26189234
181368300
147002522
322535
21939573
221458
226415201
918117520
3015759
350552860
3569076
255078487
853174031
226596247
9632
78338394
65635341
216498131
248235857
6501429
8249727
159084394
21965988
124201
475836743
928394844
860030305
387841
910199253
326851
29772
820382533
97557750
159036749
431580482
500836765
234895
49869305
111703333
2145287
710281506
806329037
41008669
192703326
111721039
810258204
941115
45702
207714676
548424329
342002454
5862358
1994319
829030
295914
22485293
92933907
139437700
164390673
677891900
6593
944845616
910922754
342567848
7583699
482821744
9418856
11702723
13403
235069
901478898
196230234
25971421
913492141
21376164
229681288
25728
935281012
4600584
363096926
73728
90324440
102119407
8826856
257887689
645901453
10177
14918
84011247
594902354
120408837
38680
228127826
782641428
883921075
822563094
71331515
40183847
233063316
322848869
8954340
186399
1402110
176805
953033120
263869567
182481237
858210799
13096
2105812
89038
75649956
255925805
10453276
406582154
9170245
663116834
555702725
7683
911167706
221101064
1644546
820400053
2102171
489418145
628849704
728089694
119745444
911934070
367316
3018192
113667860
634905042
183534793
80828
17743345
450395544
127782328
264212240
849529466
816570776
58286098
546803337
490804165
667333803
13285
744672384
118053592
1244599
8972126
241380145
197364771
97368480
41775
132298682
9549935
711396097
33468284
2425248
440302913
955061696
638062452
821151041
788446709
173525871
864018490
20763711
29512437
298909766
221746357
727590729
920379327
348394
8829412
58386
12317
13098
30693929
311080594
185753712
15961
8849920
323395738
5970737
968384168
5762358
440374492
35385723
89642768
133620925
1084427
847161791
338486176
58180
948513376
543382964
284333283
424072661
8715126
191004847
947216336
8833831
834960423
6214941
376991880
28813330
36419228
612925964
638051508
812116269
177367555
320613071
785479151
204791399
44040977
892606481
36809585
301697284
370822062
32151464
9459314
97356316
131027086
78468186
7470855
90131
12043
135438
229493751
963995825
281839370
199799095
686943284
411210838
140752460
195616487
888641266
688396657
397062
321977397
337650199
475834052
267844016
277300862
815258238
726668599
660860901
8396901
24475404
425420498
22585341
4297
637974793
512777414
985431285
344132473
7587963
715632084
129168287
19763178
55839985
767390616
402062417
203940714
234912827
9228162
449468415
353107013
8254198
295736
3679961
458663583
671376760
630044832
302658331
934914969
370465336
143391457
247235
277019047
228454915
61845591
306692534
2210606
428287713
911834921
40170553
13548
302479060
1188271
3927683
221102172
897197437
596575136
197168612
78356660
280358539
2541
418272962
257041594
7689323
690423999
728679108
627794540
331023949
268602887
42880571
512341357
359045397
265441487
304536259
39222335
874208196
547167149
6042571
365365407
874928047
666441809
9046482
696014801
7400652
998388428
252237
859428086
917674802
347094022
289738
12037
377287086
424291093
387496999
49813456
216273828
295766
70545871
731067193
231961140
369331238
792514076
424913030
235208407
671244802
152795710
918560994
167125189
264128367
241603122
127524887
985829588
201658772
486956191
761465359
530372355
462733194
7409213
742711577
619724278
905725317
392803666
27409
36448885
182591429
158917594
865933303
266425720
484564787
143072351
217696262
1601
997116634
686215722
13610279
3744487
235161606
104143
5752493
24444072
828277312
6107159
598684397
301808214
727315360
333308
674171393
115280017
147765912
346883917
350011699
38655
834012159
82067612
452935866
10913
641373932
135355
32418599
3929017
465907446
826441077
1080579
45608
614146255
234904909
7139705
586596884
15276
415616812
145208584
40006695
803914
336012
106568233
801254252
959526590
130771338
1125915
579627646
725971506
228421549
936191426
772862197
978165682
157623740
50036121
4034100
22442
218082360
892582277
5656902
829151486
49671
2009360
309292064
219110635
12931
71792789
3504
265843623
741071605
9302664
419848468
354779181
290242
904963314
645625155
77217823
879485472
13092
26372360
67449
159394221
282361
978849224
453363481
20864500
907555982
6029628
946306509
197335339
870188763
130570224
7523573
984612103
337458
799512954
50150885
909401384
933379050
944857063
599849920
6032487
170059996
284744
36475160
444714835
155238802
55924272
979055751
77357209
30982749
475689248
852261213
452936039
945136256
36803787
223497916
441472062
76518872
9166301
295680711
231914
144988172
3515959
9064524
6455
528313
201883748
200870976
25842
36199
10220081
45661
110829940
650463620
49549
819242751
722192244
706754353
4592
112022170
4368460
155287283
368238297
8922
856489465
66162693
150379762
124233
102119412
636620201
532299332
574195678
664105511
366076679
972231859
8498036
57479753
160930662
67909845
362029
96239022
68693189
40043750
55773784
49867
946292764
557441838
935286319
32156169
531548025
8249
249533
410703
304571863
21758770
913438944
731
234985857
461270556
9170465
295744320
42736298
357993
737060557
317290
31568360
814935713
824065094
6811
9462407
4774
8843581
365773
9521167
537035382
921109622
1390745
38864
119331050
940767565
207919628
186466129
37283037
5572767
645551554
935704518
650502171
7638674
70430925
134033175
111710026
889592711
441062404
117887996
3358076
57824119
739844773
968855667
32912163
8771639
984832549
1612
669045
980203765
484545697
401159890
9944674
885743666
234912463
166879275
769825389
708089
12560
10221782
313511089
158823191
447083908
648859399
803544803
10786770
935286321
686735927
56888060
814936220
409186782
385610831
628218204
3849
111756165
196184332
475940342
488840240
750665000
83943839
613144062
770235866
241556633
4813
625731234
906759463
530571263
29553611
522724248
967036653
161633668
303468735
276163673
3929320
1186
147112708
2307505
902954328
7339195
881570385
6779427
198362208
819035347
199616216
63032682
8143922
225197
129907948
249865662
800640160
30305018
76426
52600102
39391695
1643593
136009673
6910
784459995
753508305
1698048
10860
158403295
993303348
5965848
1688061
753713461
7472133
175135558
124079
306061526
901478624
182536667
73931242
506546553
947479305
810325655
8921463
19212809
966266132
95552768
1688148
53695
294945791
739356
73792573
1131316
149809899
8818
557813104
337671
1641035
27169
3525853
3678292
53565
350435
99388628
7580
256900353
102234592
4020
658564208
945959565
423611422
49851660
357928
869154213
10960
753504133
600719146
86164013
2579344
339747
689506647
626882327
904812495
334988
29785772
481839181
7175
510954308
2465
155082849
68696709
12208
272511681
523632
2909627
337362
157369698
2904624
95396635
42995129
467566044
887859603
215419062
853126189
380732142
7634749
179658979
7164
882468089
84319103
904360347
487037387
234956020
1887728
406463260
217145
287721
382695352
730085466
768133288
56900751
143483594
784166924
6408
710357201
823323696
8183
8163
785896181
102235009
8514
1998801
73773
10545293
54627409
238458552
901516350
280450240
453965473
674549
240152021
108856497
7638701
177645797
10678297
32077181
228316599
284859779
647117535
274084011
163606860
357176
430676058
198419668
8386643
939710454
6207175
95836773
9212
737563708
340117
80943
972933015
288096239
382378832
110666063
1502
963346111
244932221
115344589
479509794
263741808
291789418
229434534
436302461
33468908
200026013
913983506
412463474
5513949
792887067
745523026
2840
814521196
61249710
214831
164420138
481808144
579683292
237430178
859608416
198499016
8882288
39324083
23272226
770938060
724537421
891706364
6219349
603751880
954725499
435027948
24143507
833547495
9292709
9459636
229959445
911921811
53943
50148196
444214233
183778550
8376425
9517
1296437
166163678
379883280
83604925
234988560
731609597
135337
19884738
10786755
235580170
904808303
3797
233077513
316493840
875818535
68143249
114856196
395281355
155263238
830569948
837712267
39782853
1178807
88680467
718857867
870830991
20160457
392363055
70075766
661876278
12572
819013021
9235843
667721725
2901540
287755152
3516300
993164947
237140307
856289042
664224322
9165513
75618407
78490508
97295916
963556707
582963606
296647665
246012279
242087643
551270603
73696605
36824367
1187179
319497555
452506809
651510589
115919
10615
111147660
440157254
931659583
3059450
144115981
111480201
608186716
531179206
271127
130367934
368744157
8494088
20848614
198305776
584816731
86439616
358888305
42877867
198487930
690360214
147206
1688474
217172
303923007
4372516
41404472
543722497
534974837
229422645
218054311
803540169
968744951
217491
837141356
3525917
991591580
862317763
41295725
137869564
531407417
182832515
229488
724106659
190619306
8975979
116700515
546397431
2734
876842011
961808305
203173660
894401880
81133654
291984379
218642778
70729572
8490007
938072099
10862
57165512
744405652
109160
438895762
440548
139051268
175678281
119745555
168848304
531179302
142928214
2761609
366455580
1636901
5975572
164373604
337364
335018986
935235757
11586280
24855090
91415629
627624587
291920
51765214
12305
887167322
358008
85014
3753235
410627
725931825
312766492
8245892
216486171
906640351
149778089
42728654
174342209
114174028
809382499
5508873
49888
131414691
131921346
541648534
76516134
262356640
1987257
547903002
5194585
261151722
197100
20403
9981
3424
2953645
10903
939112
946602046
456498503
569681929
550776891
236964541
8833381
983924511
10536467
13121866
2330561
13759
405396
2145560
20464436
6124
911933796
326904
273947120
685862024
325373640
178093254
199933
1003022
487467859
639470181
198549373
341268640
500836780
2094435
114823507
43660487
7488053
956806544
11454267
692273932
438873579
90343748
9182
873833948
503684534
1713
331066
626175987
341458499
385004954
79267941
862032505
239441
202718480
449723
228362413
10784351
313122862
211942
322545
963116974
261535806
286870
605051667
114853934
585364518
578962764
4840985
2542
154664
2173
982567245
9550147
120039889
137951361
190770663
824100326
40051368
131174
410715
981947815
263997785
3419941
402124340
42790948
19206138
317133
626589734
678086703
494150949
12314
1988407
5127277
621356141
289313777
89521247
173239325
3350094
258807695
358700716
687410421
9042
170494084
920273692
45805
7634177
81723892
66948298
848656006
571678122
314447718
658601243
5121228
584866322
41405805
5651465
327021
820197275
1517937
27405
195683617
344411
324547357
241609882
110387893
5970667
657799379
155886468
275582744
352520
277317817
261914731
254001320
349818681
154606277
1231509
281669069
7523881
283965
203654072
315714861
8141582
193292727
13321
432057740
13915
438593321
9456947
118991013
268866391
256777
235894486
1101
56688997
1188277
90403867
353050510
195616973
522021
10151367
310761955
275976560
68424713
306606756
10225214
243423437
71915921
105772439
42749129
22578302
457078693
210432685
2708874
6207181
454688791
566154496
405215
235265814
95826112
727356955
218717314
14687
932237673
620565466
948347116
8152
2534687
200173381
218317951
994417202
10606771
741494185
7139619
955426922
13201
339606
201604708
226452906
930497804
5855147
143398676
510682531
9286301
212895265
216434290
495780643
42033604
393878811
8483158
83031
305790843
711418526
9597
4430279
871666996
10225021
157587270
1518055
9240061
2963302
116131
89055
817603158
350225886
276015
777089
232155128
199986143
109717514
274523150
352267
892448239
867033841
763837069
36449282
3525952
197174154
149821541
70738037
992915709
4670301
41160111
8917433
5510875
246127303
113410900
696656817
782266
32259544
22576553
463619762
754991295
287669
112039968
355268
137546
322541
246224517
267855151
352924844
5515953
971597537
9411261
190889217
6563688
263318974
474756513
1398097
7478243
9302584
54627200
3013913
228290340
837320131
243296381
155188
18405783
50106341
55598019
228056846
356963
563686490
447875680
149451566
117758
169855971
227214565
626224613
939971
640149110
1188246
565523492
130654372
396124560
234896
41560680
889505766
30297238
4176035
245880517
6216534
2848
644581359
1226
75651984
5118431
7589820
149485081
571722514
392805004
49830
606437029
8502201
211659
862700119
1233730
357469767
280392776
161674675
9417546
739719112
650942896
3472301
17165733
8351
2509
996321936
715778104
745953333
1515430
8797357
1080585
381096587
242717595
291848609
872561487
183956791
1688213
539296284
496509777
824549303
390268199
253507618
345523439
722409175
8954873
229678299
686086892
367290424
352749500
1030
861299431
125818861
344401
11733997
159979014
416255237
71804415
6424807
625977294
9412773
963556740
646679953
817760518
8845688
211826
60891
297909260
963731569
407665
216269668
14693
9419091
534155670
245949820
352809975
43840
40010480
1018
410831
65371559
47362477
266467
735041305
955424814
307789045
231697703
155112067
97366171
673652835
338864093
130153891
10786749
204422495
3957
36431140
144985203
229635
87544327
48233424
912245546
277458453
477604524
194075367
228590511
576818492
599546854
113819112
32276320
106522966
8314247
8497469
334987519
424597183
344467
214324
10846
3420377
164292579
28003448
730465015
51739154
264004929
110950254
870773798
514973178
70430546
12562
8714429
2773960
66977
5895
36277629
709957080
288029173
340351
275409076
194537
550136914
24261113
5056624
891102906
361493450
380862000
885418988
340977186
17404108
830423814
4737095
91418223
550693455
836156970
939540830
42738115
12874
111071523
414706
231509381
236156616
661699434
8599473
534211763
884995029
2066
365871520
113436564
600999097
930539664
226445946
2967202
383508509
112079
199509
623119512
231906
155292
809791660
68954550
256123847
660942637
638592727
386756558
11226
676593575
281660360
6429
944189
198606240
342567863
240264343
36159374
274057304
342306
116700240
382767658
879582761
260105904
12597
163483868
1930902
3516389
42738409
5970671
3248760
603732400
39400477
2821885
454979744
305030923
316870380
906367850
5124731
275593747
67463
109501288
176300944
690224561
715768571
857583669
586304933
10951
22580024
211669253
439354313
362501619
224324816
50066165
229651
68064731
14111
8858438
5967911
512341342
232661098
230073604
402193340
3569
9022
979777996
53839
651397513
287624
9283684
660467827
9093247
172420413
8158
232389
104877051
18305125
71804082
752172233
238299172
1859134
318776361
228126488
277721483
8833702
953334885
234956
956099176
181080946
191001147
193924370
2502401
345008
655104717
754991310
145033120
7578993
685745998
58745150
8490970
148655906
221384660
110669052
664532603
234908121
84012318
13408
10678219
197363756
802867692
170307815
20901757
405426
306936393
235158917
729751647
3455379
8499887
283371979
149771551
450277841
176246649
6662973
305782995
297178244
942031617
12320
90369174
996133082
8833765
5762373
948780396
137255944
541052670
5757991
24017
87339924
820519130
723691372
506418295
60189822
928552151
11498420
79810793
919954620
724009897
8533684
190882944
316485677
767337567
63352
453302104
464127632
741736321
240254165
344126
246022405
42773372
10117
909533570
6799
930558915
663515192
592987730
294805763
58988998
8904135
573106572
415201733
140402447
748659042
363603066
663665392
8491541
776111157
242092883
60932890
165249478
34053
232974840
3296325
203981914
484293272
187657579
156819196
137611
905756489
97655884
142565533
469535258
3932005
857029592
12417
852343795
144471
955813514
671587912
411932352
452231727
864785285
714139411
871077104
24559853
223066735
36428438
235216326
145120449
28122769
936231558
450286900
611168336
295787
66716334
414304219
456674671
451699688
84791
273953204
281975
686082013
405111
496507189
810258478
1147
3932831
509059968
266230240
200164271
816653
115420639
71592
816646991
123198987
2833447
365127875
53884
300655223
62914
432916283
9275
322531
420996488
832444744
482489116
8251680
160539829
521414267
386673609
274054604
819264331
1108
201076434
113530294
215134280
277842556
1647171
13614451
5656916
246580928
146708541
803851018
161641317
992441906
295639098
65515359
216203376
484492269
194275098
543722482
430428573
351685552
26264764
510706978
28075329
81539505
263749367
1918220
149702790
9244163
491820958
838748163
12583
6488
925406062
187712955
80768
122754843
13774
929608032
285085
611556421
216261557
27948692
230109872
2672611
97653248
402192950
2765847
586463
252439
119997865
58607708
4190
195959804
255199892
52031415
113723329
882511544
674055
728177880
126512069
846293286
319882
956907035
97396118
240241344
910962431
241454225
234655
617101390
50072671
579838150
689542388
1392
355254
4372851
173436855
18141
558616682
969467552
1585699
783606834
387862
6107315
892602393
792896967
214529072
655242502
155263239
4658699
33801492
23026022
138491331
3015499
3764
10248
416458
216258971
239022
2774712
484631333
313248
8845799
255200065
11121902
440340657
145880509
357079138
265569551
301037828
373360995
946946766
4024
38571
431798754
821908508
20429973
2960011
235601698
392697520
263696473
129402118
762849177
894704844
362095
79540322
797113
33623267
815390030
852130788
480315500
233169768
2631719
103732868
1039
832412509
925116461
735643559
990386590
1397727
712977071
26255729
487124
731708208
9456647
140816725
339918
84467779
7331525
911942538
825585268
744672536
635788847
248119
357339
111714097
11028
378591499
952158490
229669
225370016
247859835
889838989
88095042
113446125
436249864
62906
2521
6603392
8815088
501794172
164382971
113685332
17981
727222984
276150064
530203503
423729160
306207301
551699315
8974191
963
785925
714361827
75294920
8503594
10604884
13655
13038468
217400
844340162
3927709
325732883
1125649
141074616
189632340
42770083
6029575
36364472
133707
157098155
157062853
285864761
489656433
478273554
190905929
718068411
125245537
460972672
115354276
57443815
206987789
10519940
512777587
164396687
249690
231321693
236284435
71635901
144785187
38668
915263168
235212463
549947919
53031778
455452322
2058
141823
8490808
234453613
730924255
9046274
24047994
229432100
1698038
13614
597891348
348614
787977065
110636372
272243672
768393905
2956
725969493
185300778
151144364
325126870
576725922
151149
461413298
296658270
88932005
14234952
9802591
63340
230937519
1592530
871623277
914553147
10079737
14910
541458354
768638946
163428031
76932484
800498034
5279045
107003542
83754557
8826850
904754451
241975247
5649466
891466401
537856
50062666
3019425
828961255
836170243
813441810
80945050
928131340
7237404
65302
49841707
218368091
180572651
758583929
204324503
9165357
419417228
193800236
4454879
6664157
241661283
8773927
1542766
217521
4966
5956
162283303
617496187
8893201
134702008
248234537
41560694
49863897
688396365
351573962
468180562
9310006
242105488
366595299
740817200
831203309
3751
9037483
503273108
55919025
759
268405273
524425
505143246
915334330
9044598
340399
362043
10404824
1401074
102155606
17401305
700313111
628935490
9034829
232933784
394917074
13395
42433908
435488694
31553865
663117270
271556671
141655
4800
1752769
142928473
686964
400254369
274198933
42575527
926312727
392697534
895429935
963551115
174547878
9470459
99363583
71332
194315321
154392591
531273348
511964641
650856680
878828199
10543045
1397434
930544411
5510511
46957640
151142
374715684
123080303
631767179
366049312
2245
20126107
97226107
572836922
4945023
1512711
976966063
888569013
8714399
106475
839188559
885423315
825894052
190806071
311199030
965977409
161236797
987256855
75813085
303259453
405332809
12327
906903513
653726814
21165267
857891727
626415749
128485441
12989
629200819
6594
625861550
911798135
296461334
220708545
273947106
527233727
170798876
637452619
6467
92813
69260064
39203259
853738431
698459080
661994834
14940514
146722278
576704604
638876749
910918003
232907617
125245523
7183
948565599
131872475
173524196
149491450
456096912
81225184
129335194
688636341
330641
844722341
1002631
40306935
25666684
36362085
424467662
190881946
69947915
913361048
797107394
85941545
147498060
2963525
107561145
750920995
23856922
234955
2845432
376859942
42879084
176265121
13350
347607
7638773
701160911
830746846
5511039
10576
602644692
82625
904747019
4389
597994138
785291006
9102
114016564
238212394
827186764
10330766
135027092
1079721
3230077
396231071
12210
366085
28215294
199917670
63350
229430478
728306352
169808208
891369770
72070536
985428919
295951
550800555
135353
26184076
13768
8894709
996653830
734759059
511382963
742566339
591019021
363829
526446963
987688644
457596426
10283
97662545
958906266
5925549
11961294
83151796
103928626
532334931
960955441
352728232
366020111
481839188
375453077
786022451
626598523
24981244
75361242
77047814
663341761
357753
6297096
908796462
309602289
394187938
75740540
12214
233146803
594308115
51852313
679143095
72932190
271743682
531266809
756184786
882681281
678018231
279585397
320251480
451852775
47350
1643423
935373064
280450891
92932969
583842867
663479931
46769683
3688400
238127910
190449
3113
352442
778381680
1512693
212200
910148730
747096826
117370291
944620
344646
336157890
8252694
414691445
843157876
968170645
377253539
114459864
2158843
158642799
44036817
349987728
206173685
52577
9412772
256703
5514962
642441498
486918541
265983
1924113
32789830
674116
886612363
641374842
417724683
838843952
11131
1240751
6496398
762696454
149781578
189996
418343407
9289
469955420
813175660
628845686
284570704
905219933
164539519
2422
896273916
80967175
161648913
241384305
357417
179757
6845580
213484435
1999029
8491547
589623659
818892985
363935
435052335
990484359
194640335
719536899
267807960
742719585
553641283
4876
486724861
785170979
925577741
101154
2956298
234933419
1292598
244834687
944706536
982859244
164089830
14739300
658744191
803137525
191062736
9684
100887137
833145158
313242
142535853
683873953
225479
165904273
112630305
968170472
98835373
155169817
247549996
120479317
1468811
629842696
4874
361768
233328980
7086691
296258219
234920274
1544221
999122132
34554203
80997
337473
659572803
126141965
8715140
275971510
3521608
35821250
216223475
220846307
3516124
770986820
216279107
10537853
277723933
49672
667193107
279633669
133859055
50095348
51747948
824070141
90564757
578892460
161564755
627226576
32077404
955983347
289413561
63185
229652
36350189
489734721
110727615
671815623
352513
462490732
228190
44503166
560493890
631889489
622988264
13368
8774109
97653646
149824279
751888
748659044
80541
107738529
523262463
141194360
355411966
718384054
689564357
3222875
626391943
15110
333398349
831426862
49907186
912221300
329595038
961289181
809381565
75119679
985370024
145082574
761652890
8974439
503140625
95568296
154997574
128841485
155236212
63116
1427
232815413
106423
8708636
819242924
173519100
4161
977755540
9520851
97356302
268600299
67397
29887809
129409979
29830
164381801
241451281
9281343
391032508
143854
53180590
92921634
30668
624082
128757968
45632
141765
851355594
131390007
100172069
246013605
8326442
1245018
368663782
13753
763847744
190808767
309579152
543376568
748167920
8964909
680292217
73832
5293117
244733507
806780007
13997
48235130
10854
161566183
551999964
116211158
8882452
84393639
113720614
3929067
374448437
710284086
969085335
596974138
149821691
21293561
19486790
722654471
20126109
3230791
557013140
973400654
661994628
2761594
8834
214380022
53497181
259581918
340742709
75500447
249865663
278656
13654
133370331
39323979
300039247
8857480
65928439
305282693
256608
465219402
211857182
287021596
962849438
2771957
942287821
593487125
1514962
32262105
569470951
8709713
737051437
811691911
127875836
722175292
5960775
228279940
156796072
454367085
150267435
912488318
5395
718519739
7545
386800445
195894272
432295166
233336095
70651701
265606632
229991986
281681149
875688932
204507890
130560393
253507603
53761
155385178
287813
5515674
186042
308847377
304116624
114114827
7483406
840001
134964591
7412157
198606230
516447227
494905526
2109264
779134749
555707946
9231308
1592508
34490406
65581578
9035094
5761437
226423224
787977393
836040330
293777
1400869
13560
216163454
8708375
229689
107814234
702080530
5649481
33724436
192679076
275585324
959820914
33678464
58272
9168061
12154629
8245321
171345
118669120
342303
5969397
225399
383186427
410768463
130625588
240711072
1927010
464128031
63222
1008
11055
1128612
785658504
4947207
110690682
2099
707462294
290911020
285121
344893
75650998
216175881
4596950
1765
284974
110746964
165341625
996618117
7463094
21843940
686652736
7638181
234685
348355122
507302022
244648606
214575378
102607298
221102173
190619290
831274663
210324777
3751944
303532700
621540401
357738
5758324
515817730
17871235
788973653
241972509
238302978
841608672
1917689
300588299
1525821
450718671
5812
71297
768775369
438447067
265722125
2330573
861969538
45684
831328042
192481231
448857024
32262405
184508462
169042316
270055
337760
385615069
486384573
1081797
277094266
60316336
247341307
379095
994406377
198600448
130392543
6108459
532592741
250711358
549668572
1209
10994514
282561
2442
966951596
9061493
60594917
818899188
809085116
30803081
397695260
5575095
171543408
987179776
1461556
806866727
211959
167747830
535771636
577943175
348014
115912
482341385
447086496
323698649
501751206
659267936
1125792
3930413
638277816
2385
5971512
343187696
1295599
7689935
342622
62851946
12365157
15109
681533431
9203378
265569712
5970681
11225
21373178
200151468
9954431
278866681
366665914
889371869
233218796
287293
214572689
7335763
522495214
245877079
298843352
104731056
339426364
944236617
955821049
131416348
52031413
970984300
506656493
1522175
891214680
133370299
437794285
885965221
836445888
51664373
263935561
1126054
424521807
944171787
395030008
567877044
568047661
291673
177348357
948568381
229563832
491823704
113799679
198350443
139068379
585204824
473717548
886606884
324661749
194275526
529407226
203409695
167132256
818382934
642728091
918867933
55745458
945104933
930419942
232051
38900
885611236
281178168
238985
226268150
298628010
202617029
39626787
9412311
441215770
623014743
1231287
813264435
845204508
587298900
183877556
1644229
131288
944072205
9512
50022641
75657302
7072213
111646689
688369379
1811828
863955642
227393014
535596735
879445887
1592349
1988421
393892015
143263433
8321611
891213094
9228563
74766834
6885313
600784405
2056
708265
227673306
981976421
848869758
291026411
791310166
111193770
6598
892205013
5762372
26269055
61636910
678055189
217431
68152780
290664685
921264702
291724
8497651
280462862
24545709
24940639
874557470
5966897
1848313
2842397
214358502
344467865
929621540
2743
2406
737048666
453421408
8358
66716128
2749
837319860
7084013
358077
361903877
397013670
884681385
914799619
58166
927181791
5748151
908358595
531547126
52598221
6217990
256075267
256898815
125487171
13513
53134051
79795184
449427179
186402
750155206
227142909
8251593
323345757
266792396
235202956
82505
856397898
53654731
808791299
859766632
332079288
634667906
6179
322873
297720749
320085
291332991
97383361
83794390
388718676
2273759
728716424
9048349
53376886
85745052
9044639
45375200
13899750
129587768
279470395
496884131
57706757
966128112
456972024
677722052
942288092
981913232
336475
33468299
232993690
6424059
169740926
245942189
10319178
392805018
7175780
3678103
980229415
529568706
220794516
5580784
9419621
3087
403426288
655297717
11361
260799
246986
736962881
265600765
942228604
344800
801102866
13258
24976886
186191
932590056
956104483
107850439
238326048
890591814
582836523
966960177
39328470
688674554
848297908
143476755
115244734
92927150
780013941
749124436
407867631
702151227
425393833
489550132
633395145
197364608
134171057
808453733
1011382
378816
14068
8386604
906766963
214398697
732286132
27758246
888538250
489443398
715296853
804351931
132015132
282015
1297107
168031
1179021
422465087
8826678
176302605
425911384
994240570
971465374
294831245
10678245
582893117
95827204
67359
1178
185983793
626905520
958098972
218722427
252770180
235255924
782645567
65958721
997
8708262
161571155
240161316
729000047
115635
220512596
7342561
41405799
37813306
205779159
13696
123366084
137635895
7335
291499
512084427
222824907
107930053
984841317
60211468
174112708
573772629
198351743
121418751
263927383
469287119
314195030
779737876
540663032
864793518
115341703
725345090
979783444
634189733
5058071
300528603
502139428
2219
264503458
851159554
30725
8321610
342802671
865402627
412127129
896987031
500774841
95827393
157144716
629739861
891213108
38572
9097404
13133036
88095131
8778867
589840185
102193319
996833378
63937493
945300009
1646774
7486166
2962954
1642928
41281
499482818
7342939
33396069
11224
352704149
904963293
145668606
396342747
264022082
515911
870178355
911687071
24111749
426409063
1852057
536322
8931
2768999
660802170
8709299
503430058
13562
891208273
215727956
207139060
400054786
767193546
143414896
682883883
214562153
165057743
8995562
475940509
20712795
227443904
216361761
506474197
349739
10532905
899176790
235452300
40042113
434942803
247119
956660632
896977751
36369646
5966525
653231567
216502092
110729996
832084226
247479686
85712893
559984555
963771167
366832416
1512621
494038707
224789795
10654482
504259625
664129113
26080228
659005356
458867085
131038155
93726340
134990033
898630166
891102920
127037788
59995149
944521
15115
346312906
1487
719626817
9849189
221602
390894410
1236513
317583
297979630
33504814
996642150
104846049
1007124
2202
880112658
956101947
18337584
8948517
117468333
190876145
307114227
347510
396420942
927313547
880356513
772970126
2631822
499753255
320930263
467089535
677753693
37273165
705577810
308249904
403031455
748656456
65468
8528289
452159682
637382662
656034160
153707109
99486615
41393813
681409284
41645
918868054
122639558
995326370
194023441
231086177
2844756
11157
180709398
235662725
927682225
544026361
321903979
275927317
885795849
357063
331092
293435
235333741
171581538
291777
2158825
627790368
364062539
20363464
215419158
286700414
179286
39460453
36301
155175
36466461
8841
574353463
728092979
8504228
90516031
798101808
256898795
216370730
194154537
2953787
776621816
9166865
136787405
216244998
689083674
11070
220101561
239007
67105168
76885595
914912119
357921
55593847
801709195
8967464
659041768
109702537
6390900
140696810
141100646
2519789
457068746
919475692
926566643
111196266
857718389
165731243
235216317
697045299
519204656
260978810
518378301
28827
394422142
32149246
712658
8821
5239
121043232
246012662
184650674
932554265
69807434
216186001
156844730
585876212
9054384
2826
286812333
12301
974412570
428418252
38866830
47129517
383036335
60823178
50165382
8908191
200688134
58853
470897236
202935
293530
914716396
58279
874413983
33719028
804566741
951532392
93726134
966284996
912460041
145477546
13924
114887057
760116467
782466770
3823995
877256087
115507885
748172092
248305921
139719698
4972
293793
360094694
239970915
872191496
396342903
10680934
2510917
113116125
143400115
686650148
41094930
594788403
53788
214641829
5160
684751434
518102375
155244961
228315939
638261096
778627
2423079
245877131
157095295
726576609
486741097
775893666
779927
6511964
38153677
275971191
6555
4596363
41042506
759977069
362715042
14102535
900359819
805551493
31045671
636241461
847570060
545262334
335089
1821
327549137
104776093
290471097
1085742
892044273
151424254
1515429
487467874
739755298
326218557
127527499
7190656
232956970
6038597
185940
620596841
84589
216539738
1398006
691927
11033
782641395
3755927
73688862
9119
2441
893261097
127658143
428370918
274093392
5929567
964430669
235208214
76965
226276167
429953508
2150680
707864567
418263361
1247260
2178
163727203
489682690
471591180
248382941
3920877
9462121
456152081
751219286
266501590
111809
945402416
113547413
712339133
86169683
125773782
31885
797442901
291561786
991164808
9462061
719062402
76527086
317282
11235
241970292
397144
955818597
2960
239474490
324575733
971713472
575919714
223678631
234974349
76876
804111419
190623147
6383955
2154847
401875525
10671484
775678819
20145596
94954888
704810002
935548824
8747593
478902714
25600180
102287249
1125883
85704529
69734020
614422952
19752
674490215
345411222
76902
95756886
165753821
113682535
689580006
822663421
881819757
740687385
247289992
933378640
531583143
822912026
2904641
531264221
428684348
330593874
10523
126553
9844905
747472912
431936
985431507
159838843
340403
770645592
20912533
830159432
305400743
753645948
4589756
232677731
8252737
413949982
658011399
396783580
165143264
291465943
660636816
1236493
135450
6430150
409052618
9851504
308786399
1257
835884289
550955466
603969070
405464
241377176
49866876
947669223
48435804
547847487
971635582
944669844
946849434
287683
36425993
320127
2101373
477402737
125492603
350128488
1390104
784362312
38363
549671160
6193
511452472
291683
262064803
112725432
12591
575840828
945074449
63891224
151230
2358127
252734873
2912342
837866600
293794
246026379
13870213
7412192
118021
376969482
133387734
9134347
133820898
5241276
95839379
9310021
221253
50192749
13718
95966108
8327451
8257
824076025
899640185
290154059
378693731
217584402
803121164
91285271
707920
2963
835989340
123177667
9058263
22503546
851341458
343450
785432176
1151
465281258
736675529
3413502
559924194
487403569
79889543
566744609
4877
584801147
218014460
399623684
3099
186713
849112197
107814648
235814107
310177292
1205
514028842
15586
3682977
349534
70471408
1697871
622089990
165373326
438451206
951512934
422464914
747
499680923
113818
3574328
986298744
73569630
946112426
13091
51977789
12533
587335425
792387926
392850661
216269799
838968884
935298944
394906081
627419504
471442395
882633268
9462029
605047385
245873517
235627706
50050
291525196
260551
12406
396545723
864931136
489683784
769692470
45695
53729
206524286
77046235
675746657
572841061
191986741
833419991
165128014
94125982
233146621
33689540
132407620
701742864
42786202
227394467
873836536
87330816
422028301
116075
364103
220938580
707722665
945134
121515163
542879716
681556
170515233
143391471
3340481
2360065
158998951
489683799
4426780
75766214
964185931
491672155
303115817
20921187
560493616
261370615
726865923
9550235
383598087
12418
467537
463620911
304326799
689212
14214692
147112612
216555044
218476403
309602827
418272929
131880
1904
33394892
308808209
233380596
293179751
1517709
535772058
340385
364387159
537642393
363739
113625999
562508294
85711059
771972292
160174687
9290639
6031310
153658040
105483222
864574109
491478994
10536441
9053973
13246
10286460
334807
137266005
3473
222620692
531033339
834382058
1398
102162339
1188260
4361791
44609071
657794976
1187205
1233834
911798409
870085208
7583412
71964400
158861340
235689582
440265511
453622791
6279602
545053483
220713080
956904513
702716616
8362
893045254
12886
83983684
348639
29831222
24280026
17482846
878850310
1400827
161667759
40175793
699981652
53981
784531654
1855333
620894752
231393000
249128797
663070050
470479614
414790
193125555
163276846
20427206
645626201
13878434
657948566
49909417
363603436
6182
155237681
486723571
198503493
30961035
813173072
610230582
7342961
793062943
127246077
108158941
5705418
899038210
185889957
200028275
477901915
340994482
104914
606878760
135228
950762965
555999958
734389921
1002891
901680511
2504157
351297270
8929575
120335768
773498023
772870594
274215
275980614
170744397
169136360
971773149
37546743
967802544
195609771
13151
584028705
841099823
817972372
910923208
239856847
125073490
418208466
363730
149680933
115998
579451766
317837042
444247188
97655713
666282533
4947203
556770870
758024844
194492
1014493
42717836
813818223
214380594
130148463
685706789
17849209
232106572
195206097
233673095
197577450
133198769
358637083
442582571
672234742
527878851
418415374
76537
246265053
417419947
11355
627419559
929379555
173584287
12652
270838029
86127036
7228696
282764544
343669273
176682
226312293
75653713
134887843
184301576
2916413
8780011
493416806
5975945
17582218
241610453
163249282
693287367
221067020
967636575
482461205
62034838
213513324
167132931
710829797
597898102
9306640
191325637
247476535
90389456
786250557
9587180
112524471
585415177
10154019
3818951
290710287
65067701
123699814
185300550
913300587
946602061
169043
78826064
455019803
150516347
377555819
63219
2504048
886073887
9691
220779722
1331
33578422
244890275
8245477
211671
6428629
936396680
932743345
454618659
13369
9517812
374165
869116576
687392289
428979448
695481441
455232815
10542083
57370132
315656797
141772
685711212
379335938
232252
917670624
3018209
9510117
707223429
2430
246809902
198489662
2963562
220966464
374448827
8141619
245880211
149484873
265155376
41638
33608333
95745408
873299596
656029266
223716940
327125
291426309
173551912
8882347
155081294
107745517
612152620
20173429
2707737
630431128
683725180
397496899
49919588
129672636
9802356
363833
690655618
938957933
133295
14565
10606942
1010281
144667566
13674
260144546
48465618
235157560
2263
287740381
54724940
3679997
711485111
550633969
447115099
291693
89043
3098
112054
1798840
9609
631928935
772868006
293991872
969924528
265776640
952155902
232341
15400105
425042050
528950892
596949485
964900039
961860346
63251
127424059
2498644
8955885
923635803
39391683
2945
352829
881798760
114875522
136734823
682752453
9510
316022935
377125463
327548105
9294664
241725377
619059726
907580555
679368646
416384781
779104988
83248107
166709107
436804561
158699657
310761867
896879771
807260497
102125497
348357493
633257324
3129
484715436
4985
314435471
83838845
24430821
948745870
36423927
8505
414870
75657962
339401
238179349
808029338
104535
919794888
9550366
807608510
116450613
114111112
67070204
33681834
169029983
364460824
48314644
8252913
712577268
1917702
500469025
731567009
832231867
74073
476074039
36149
190085
764368339
625947622
764954965
363937
411059207
66981
297902280
502122037
477919467
788276427
158795508
155238816
27357040
979443408
976826824
70103806
330765
226452357
332387578
184323225
361666665
161559361
938305875
37275753
290144857
527818823
424180333
626630358
207977947
47910332
809458515
26265309
64938
106657
533673476
253778336
10325811
7409349
220769270
880772077
827603708
129507381
887775540
509530802
5287
197286692
135245
128661369
15020
112791915
12415
5956286
17720
4510089
17652757
2957
448766584
723182040
18350337
533357361
8322494
674017
566907063
472315705
639735968
457022401
6501240
7487
365114996
8969927
278550
942228619
344423
12992
42770668
493170224
347583906
940782835
271784919
133458997
341075289
793191
256633724
190194719
685872692
966985507
121865930
2101416
244800272
244460454
152912
38922
9457066
229430493
410497
357752
4658
89036
5968136
747768061
1987133
45172289
444274884
641605631
614528949
18361643
32079703
214609167
1999025
587450993
24386179
1241
2533888
689252592
362484527
921235602
653845627
672476801
777593238
862533438
113077130
6031
784817143
633910139
137267
59337
305701827
142211101
444761269
9503
966751716
909444469
763758492
69130157
4852
11057
157106693
169991171
6108901
734604106
683886080
396449627
658915764
441268716
126008299
528818811
262169834
91422349
76516311
217826037
354019685
232381
602614706
20904144
650762876
567084327
50141883
8366
741218351
241867203
21804849
14561
231390893
6107024
134955451
145110308
628147284
8823937
39576309
412127133
217973717
1991074
20244306
345233050
489207265
41157875
235415792
916317272
157651663
36178964
5652419
966903162
781
7585727
5935517
41151973
825088412
233149143
489863668
36984226
881744810
326929
947181104
123511375
799512953
58283510
584617637
84854
975317080
428040184
125404686
2803611
268298647
480933065
80856329
39670461
3516453
423890002
930540458
33685228
17387
4461
585258547
4785
37334852
967077347
85714413
818684667
49909228
274313853
151247
611107710
131992779
38922305
3935531
280456409
630033172
73695926
226371307
909847799
947176873
13085
144457426
3265
893935802
1931060
75381756
97550545
8715141
201106840
184511798
920826412
950099713
4453
5641535
155237720
5748781
626164678
434393301
106768724
207662061
231709383
812986478
256908157
7690262
294918894
13382
3476513
42904783
385857574
633686028
670556837
5056819
111706167
1015897
211671531
281454302
295483
567402142
141091872
5854881
959925668
202551439
246012773
15122
49919266
41288357
210141281
56766042
346427693
495118813
955645176
95835316
75646646
5970545
605464830
240159524
132409866
432471655
238449941
8824119
454780821
964988754
3927897
37658617
8849177
37873097
17031
6040839
786517092
79605421
155233825
125629213
311597349
234888
4620
812051803
165604884
573404496
13564
682995449
620424514
179917441
13237
2839283
176012662
686765629
1987129
719982094
774370047
820402538
60880
769621028
8824171
847165936
715076242
573768001
351211
141392415
474171805
232363
2772990
216381645
134888261
792455218
835901377
616906032
160938535
864857808
85707225
247803342
733782805
963780141
152736822
2956650
629350127
357193126
24539813
270694295
779495782
12721
833196823
804555786
739375400
869706176
825488491
355413304
464770082
190791173
477403309
155232901
142955226
4670983
807608562
155128
103095447
235671331
733433348
26266228
2847
8339165
15596
22306379
121760319
828573126
196330856
832498297
771886054
2374254
832402468
804227677
87309995
144252689
339486
635418096
839782560
218740715
232221
5447
232826702
357713
637791118
837289668
827652361
67402187
800831515
377098132
904460681
120027
4117
7799732
155047510
344976745
129434774
36549332
119408008
319890
8826680
135635660
197297055
405295
156174892
41604
372740080
317412
657058253
257861260
504740326
949350669
90381437
965262923
10682238
49437
55593880
2641121
13573
1640120
13083
382141
7691969
5058065
20077
91423819
313992067
702592389
630041816
837214014
713437738
221669
798099220
29615
58280
97007
660860465
138147164
346030067
609985691
837542760
3953
190923082
8914736
285110
482130885
166163419
12247
624781662
748429846
111200318
253778351
932592747
319884
447742462
52031153
73406595
905496695
5246
612063714
113443297
8713888
1756
303853146
387811999
155081695
7638477
295149868
58176
291831593
9518229
182553377
166991070
884706609
8833
39060
637929521
8256
45959526
7471
830559766
24307096
30940215
420864965
3107
182168
782168907
608794706
620406074
227261399
513095074
344241
642651885
451692539
172283956
505664538
665272902
10202
198419778
5855071
175410859
24548406
249339591
6498289
71363
85935852
297972299
805862452
256386548
8323065
114853919
313651332
196266423
95834808
91283738
77046865
249055971
731599933
6804
395201015
656681210
61206785
914905947
484558023
384896687
283211898
355284
948583208
566744610
256309372
169240553
5749685
529743339
167028445
470687948
74120
141373
71453
2666553
515333624
57841578
14488746
141893
778142224
8314942
93842929
990646560
851843663
3826294
155112142
249047703
211928
894514600
167153208
244518185
40004388
2437
810507075
823455866
948513391
10845
3864
212607392
116858894
96052525
3823581
317772395
923965510
815492394
199355258
15302
427394166
4137
36209207
168711442
452433515
26523161
369284918
727911186
277444730
3503
488758468
5193363
390709782
165437392
200037998
819502481
744829135
796065037
409504409
190331
24413294
15598
225211
417683846
141667
16248535
8904017
216277443
612574005
291506
426142950
127381249
174011366
6421655
810155997
10652271
8386605
8318884
98933
226569318
159394235
10030
457076255
334911
456047508
637624540
388176622
6040990
66278763
923402789
317749503
195612917
556286213
238144977
1999237
1644151
125996829
330048038
17863444
133866259
598149094
363176255
611253549
264001388
335003
584790223
654781566
6571
2766009
33525667
521312853
8824004
214332
2007
2152
159454355
670282091
145203687
1401597
930803954
1041
377752038
776332458
5198985
818589646
84609
2145196
6214317
2912357
454791403
763039866
225361
951961652
946930822
949834652
72142531
197309387
7338893
692146148
235046181
5582101
329113154
742271977
70441727
622908834
600799292
7107192
235203076
81885635
729729509
26223
58247885
328302014
853784613
39399859
662015237
261544331
636360523
216328886
3427
368039535
41966262
116097829
1003047
6041229
9034
8749521
133645
418147206
67256
71482
963556913
489197578
262072490
53591
321137546
636235541
297303709
114881688
10153629
842134109
521327502
186275095
587417919
76984
578016229
24580076
323821134
819334626
110548381
154994
8154
976050917
676978761
831196341
176727
102790
780066123
475856251
287671
475119503
2150490
607068989
154621440
152530084
936320709
228396381
968527685
198172339
568654542
89788439
190778840
255005289
114138
1928029
12885
66885584
460731990
127628318
52437645
806083561
227214653
212930417
243365
925515038
440944064
188223808
370752174
228441727
37111110
66720300
897102381
19758446
164306618
272468
38143371
5073
163663644
751201184
817274783
317231
20786
293642
830711538
533320844
83598145
191925483
246235567
686181684
127149299
853020554
90239279
712743
194434237
375810633
1928093
390265428
971635393
95832619
843585636
705079891
625820380
75648111
32336712
9037482
190877530
622800451
963523933
932507217
924514747
2830899
158878515
956175495
353233221
220938566
9518228
32852
924515203
293782802
317713
1184
965163625
358442586
70321662
76804824
674263
405256
45175138
110467754
104898793
196414183
19973
767323002
178912807
262807676
40256630
325709823
217067
378679
456203477
459714691
155127059
8704995
737685101
71345
141611
11245
45570765
34286959
152690483
115418559
145208328
665602547
937126412
1060
359042926
124377
137875669
764404765
1112
452159667
8745978
682828790
104237
1916792
432334373
6454
3789
256101445
39330037
642658958
245873516
1285381
104532048
14968
50062570
14673
226920586
241610448
159084159
214492921
4875
65660578
689506996
74248718
934419
10833414
231236469
374453154
28064038
3744892
200796658
24439162
5588381
816699829
273980331
155504638
402124341
229719
731749875
386497104
18412525
233890404
270423575
236872825
8314449
735041102
4667493
97555738
56664138
377638065
932900055
11521212
145450960
413905205
908971441
170512354
608478715
258635942
11319
1296041
837134332
228893197
10914
619752681
105782912
131248685
273947798
71638591
28187519
392879
875984286
796867143
703965500
965107582
113443460
838571388
221073595
8503591
11513470
440393
610344296
11808
10861
862606330
585258273
862446848
42529998
113685316
88765537
554137058
221109111
80847
813080421
149806831
5124469
807522898
279332
465134978
587756073
11801336
26215481
41761
171536
520526997
263877445
95549759
885094
245916
892044455
191625916
8850382
4973
274865534
12889
921444618
654232552
1240861
892680979
342890935
712132617
955641234
543725862
873268924
407762
510447936
13308796
321789380
64993488
10683653
464449564
729189235
128409899
267102
256701751
357193400
21527702
256127701
778205893
195676499
814256867
18405765
625405770
471705247
11067886
76471
157064016
318592813
967631127
313018
80533
825657397
187663136
238751
169059630
68051329
159389489
130680587
950400890
224402361
8958891
980363454
10397030
320892050
140571385
958117320
7340555
352322632
147076
782540
218051723
586990397
216379291
54840883
262169849
241571
587955734
8372
285428376
51155484
835813025
92795995
784617019
2110
548913257
485776574
50017
768645788
131931707
369989397
300549159
985132675
43944846
591376407
176012693
139294680
122441204
91422629
291835
504997625
10223862
954725479
7480765
221319
5504136
787593
975956469
620572629
6040923
851551487
2359960
935715992
779141385
22602346
2198387
804121254
36310
200990884
8440
76863311
735476811
1745
106605
30985
194314931
676040
756154236
143564187
8967621
36144
2908495
1688407
119921
3068878
214696
10814745
238944
71323
8708569
11444232
9456667
158911352
800357876
900126347
144458
13874
26098
1201
32076962
10652049
686654541
980875980
444064668
425215678
177527241
89167223
65087894
151287898
679182404
434603264
161205
274449067
178632605
60966471
598416681
166988379
204271076
4304
277707255
190906864
9338
36327136
14569
8824307
722409449
832412524
193788393
804268163
701639001
728087759
943492007
3525957
1588086
451879958
9456662
24438902
837866607
340927119
33598700
871206007
165665710
863475869
83951325
658584609
8829605
935296903
991182417
24475390
10607921
32150059
581640433
1990319
63445
164284259
7322125
697054573
53899
914474660
904370180
214398541
238407110
176553859
617010665
7342557
515731359
274157489
8783151
319676709
9093052
340627845
816748440
4360614
3007562
669778147
261976729
90728
351630605
167738
206378256
989
296607915
371197450
797627400
255068245
2954
9519
8708961
102253254
42577220
65637311
217078248
8594401
31145518
261544346
715652745
856713523
131082933
898409121
627525265
319986
862120197
815588199
50116616
113722
299349361
163777575
10788652
1010261
327003
267019644
141786
834317634
408356439
489198081
212289
9211
442582475
184048280
1538705
149648669
874660020
53874
586992985
2073
155246246
5651494
2277
3117
684179595
908309435
192745025
298816019
14615
246265218
3259
284979
599917474
17044
235208551
90371310
578889872
817848060
606817715
221072097
414869
371684831
134919788
695737205
1193950
8350
537411756
716817805
1741613
73716
27870257
391032475
110868846
135055159
230943771
229703
78334791
678422185
719880745
140338527
407247605
21009000
36211795
689694856
11391
228348979
967058211
380497730
713114975
93206569
8969993
43298
234915
100194130
411289754
2499270
121953956
221062817
233299342
853081909
686087065
159149897
49831001
67308
109232
1292901
1515513
997116739
221098091
891734521
201989918
9308227
135245309
438231245
847469704
382045
978019213
76803867
980269856
196860
2969816
284641
54714951
36844179
381595
263318792
998544186
226743084
517003466
216722136
561415816
24419519
455986817
287024390
891319226
168715045
945275
3746
788733342
32013481
440366501
991199279
279571
13766
876955404
235046187
304110514
936200930
29864297
2514141
1588264
767673407
828657921
778905137
97367118
833469840
119331139
16083
825066321
5459
357604803
8964907
946930689
715203835
2106564
14031772
667931126
37069439
817328178
32370974
946657188
641375048
493615194
481685397
9410740
477669260
463427
890845791
931288672
137717
6579
250385072
879056296
301243299
908110650
214889
235514478
580370705
879429240
909789
5194489
717347948
706448833
135230
742101864
2275456
47365
1010483
29266373
645624751
620836010
175640631
1295507
163743926
11074
733111521
421140698
9025
839472962
197862356
600814123
210553
660124817
45572013
125300535
366455437
1582985
264005194
739400752
479125378
244711859
477359221
813089969
837213999
393027605
2967466
273901828
282209
885605174
3690433
516718600
584145104
111120575
300716833
315715231
83945239
45587671
37911162
19789258
852918564
6217321
114824175
117315106
296652966
263957771
4839191
262073181
124143
492925618
238629843
54636835
354944
4673330
9230233
885059410
1197
238237619
420261703
9710
33471159
997280446
392763763
128627292
249958
10855
2161320
958897226
263901086
304911260
8602910
247275
228731301
157417392
3120727
153601129
513696385
2434
858240380
124025
4839867
64180425
264049432
275898739
2951
143388725
875968468
8736441
969534637
6225485
32367019
295354250
24466833
400983487
231508405
1396089
347504
983615876
840653262
161290
29520373
6115244
216384588
98363973
8724554
502856978
587098441
8823
9413828
123416067
530270715
108039635
9035409
134821066
14729616
2154989
274068124
9890706
352369240
765273157
26387769
6108485
516522842
621082969
5752124
157002760
362186361
270632767
78516952
633055102
321513464
157106605
697430542
569785514
482482862
369200383
192635234
79605765
31012555
749
242100070
18801561
233202221
39494193
239141
214679757
111428965
728092964
538580926
671056310
273949566
5510835
143106644
116097827
772048967
123071561
814935910
967060793
63347
11948390
95767036
316129533
291713049
229485
47019619
832378050
888362523
1643084
528590289
5510901
7693379
228839803
486592088
9330
702882981
494008041
455019836
661779738
107842173
80787
625282909
8263
871603226
694970182
674168
740253117
1128757
567627531
396174179
1691190
42277197
396671338
185301734
129407745
106675372
214220560
170030150
186570423
745721159
824257039
144130
676415
42747945
7533207
289727307
440447
85714433
291319894
9517223
886780650
1401503
527008596
2145565
79674899
761118690
1135407
546748214
8523
692807961
161308270
79544392
347706964
254096235
29266893
11014
5757927
9063995
344458313
245885199
9162899
14099820
129893402
501563918
386942850
13094
918558406
235378957
27963099
814592679
787336657
670140965
209672215
810305067
194277229
8960711
810659284
8964811
727987782
524304847
84840
129921109
102125085
10085576
194531855
366497412
157709253
91669557
588646025
200735239
160164372
10680949
836500040
5964679
631283647
286525718
231321551
1125831
579654630
2839
245885789
712960846
964007263
7172614
78177897
6560728
933960
208595969
362103113
97367132
42720209
36357036
40075873
253884468
78460765
8819
199690429
8930
746900354
7345662
8970213
9466594
525275894
108882
520672518
260081
42769978
325725311
215308352
747893
2773497
85771872
159148951
862711057
905756475
155809909
104898448
155237350
13081
545799535
382375
4850383
706754526
127260982
38161260
190700707
876083865
98451062
234480175
140922968
475240255
131860333
856992194
41404473
12991
593650382
751523158
296259771
63238
5970525
543516031
553354213
131557
175528340
560424688
15887
533667160
265775056
163658563
2280
832213610
175253107
4447433
7282657
264621
824771630
100293
810214681
167085717
253902247
161386569
24798430
491666240
220576848
198608829
443746691
657184338
767
173059551
169029547
282401
314646793
38420352
256685
239292897
593491264
175488879
247554221
6519
702275978
617430476
679368647
3201
274054590
169005446
405397
78489930
9023
45322605
934569
144685307
19465071
15588
727617294
10624897
9899904
138553245
734611344
731793177
91486829
656042632
220765239
378806911
619539975
176545
8745818
947444261
116154
197095
5263
564938336
32118960
8710249
168971742
787855714
483536566
53586953
161703067
263992910
1131323
578461800
337369
1400999
584374850
74419548
513191485
32428780
9305965
268698656
43524231
103728507
825585253
24960110
9166130
83952012
291855
3129229
41593622
3516233
554931672
392153926
241021
869295303
363609360
598239665
177458240
133218
216398564
36426404
6553
12988
468841814
779504190
765655964
342826616
334866
3017851
709846175
1925747
3243
1231573
125621188
865838
132005259
33440424
860277112
847224657
394023252
113164927
159389712
337507
475454885
905772409
927605334
447065055
55797
6045616
66159931
11210
226590655
699409815
972349745
277603869
628951390
45624
123895
328658698
834192279
10661669
865406799
10533160
24537687
2750
72142608
13235
5283029
381451
343268
340976927
381144830
294252821
653610907
810516411
208020
40014619
7403363
220931364
833145679
249848
119944488
8144104
134577312
716144338
278323
161691627
541675791
513035625
221421
622952919
854839186
67727841
282109370
165437549
158628950
597625522
235391629
166163404
6675297
945062685
867024957
115421939
191313536
243236117
63289
142581423
571699869
43890293
522207219
5967119
217339
199899
2963472
802554768
312094405
45694
489087457
1521928
10367326
490978154
1135372
837133960
2251
344894994
866612526
529662861
126805069
771721359
15802
130694442
265833495
1295730
466204748
308785530
805961826
358767182
253884483
34255605
10676899
111726139
1423
344805
6452
42826517
53634345
665833718
516521174
2901865
209643027
548731413
229422381
179679
948569499
158454281
14114677
12047
168180
517699232
990220488
315991644
217966374
15362754
185334026
1852083
488853572
84012333
255356335
45570244
366246061
687476934
420312631
116733364
793608582
955354225
419614557
1701601
269529933
155075896
479419538
59321350
591019036
265702847
166212493
1189894
71636315
440558
203054
566989652
9341
922351659
30974468
599119084
356042872
791162035
448270392
27801216
32724165
155272839
111204586
621862735
531179317
547847761
884745748
392703878
676034
525152107
256323018
2771749
814378247
216490190
11339549
517893500
3930398
287591
8704324
826299869
105699103
6207
155001
273861268
477488135
185041154
366190884
405454377
110720414
140858
220824790
214572688
637877234
346667348
169037220
5970934
8386091
66728
227146950
9284029
82751720
38916
211997
151417786
222645360
21011991
249142129
220756151
9035031
770190278
892599859
67988213
897257584
775104
254334167
10214933
197128088
