450000
356972
27058
9281238
9286620
115978
3688300
4952134
256638
11702618
405332
10682274
49782
25914
10606666
13073598
218106426
126846
3755900
278270
144370
339396
53682
10537922
256716
146944
241383420
273148
410220
337368
1643400
3472630
9284072
620567377
10654714
933756
3068616
10610540
443188
147100
409960
644682201
8955016
9283786
335184
405488
823420871
169014578
361964
9063852
6216540
7245074
278218
232929884
277027548
214726
155355660
2107370
229442
10154084
236750209
6311934
27604
5645996
2675210
267766
87544237
241310568
7109380
3752130
367372
9165408
9203273
235052186
10534542
4372672
2909522
15104146
241451072
1396842
9411290
91484190
680256140
686733234
2675314
170580922
9281082
862464
75730686
754991205
2909548
3928280
14978514
5514566
241384096
295846
530013762
9044534
5756912
462037620
822959397
241559856
41332
221486
5194402
281770416
328621945
249956
92867260
1400716
35846
238880
127478197
249515269
70998
144893884
203409590
195605376
301642613
350994411
3744746
933444
6557920
874659915
2508680
9035304
241377674
114893713
158699546
6108354
69560964
718146727
364252
3752026
1397336
395144801
279466
871483573
277199252
544135486
102287632
863604281
4186408
30620
1015110
6323062
271770
280355730
97555216
277087790
8499600
161562536
5576082
440519927
8314350
344362
3930308
6424072
8708952
95800580
159167633
3369410
340410
8833804
954969903
229728
6502202
241603120
78521474
280450786
102155656
321718066
586641675
463592150
4037506
1191234
277093796
1916478
17638236
230107064
831484809
234915842
5193258
3685570
244553704
53786
216170492
256264390
753436321
826151197
1916686
9413500
7102776
71569556
3744382
235258886
6217606
280455388
930450639
7341794
246235826
908973651
2761504
40067696
304969628
2304606
36483088
8956602
10672732
381984
22503441
330842
6219244
486952588
10629191
52096
267843768
97366066
9053790
197124738
143388770
6032382
487084928
194030972
620692151
5760630
5757692
32156064
1401392
10681598
221092369
246235462
39390044
97362
5514852
659881896
2914956
144892246
9418986
11513338
5965744
6029522
7523768
3686948
22612
903499067
2761894
43905412
190889444
340462
7139514
388453278
856428619
650319499
8326726
119930
199438
3410438
605279394
71544
985369919
129617768
731343151
41670
114853829
660795147
914474555
255980626
32077076
2102066
337758
41404368
2315864
415616707
106514
10536336
6488942
384546770
6108380
280595076
9306536
570217497
157623635
654846216
956905837
325732778
8837782
500284
76432
270237752
126516989
234912722
147126
235162036
349242971
210474040
81140844
968399368
457709894
116911036
282456
484345594
3020074
707926980
1644934
6501500
39466250
3681566
304270712
200164166
231321446
304267696
232146
232856876
152233736
7472028
175208139
9283760
38550
681036
1859044
5651404
5760240
2912252
3061648
3682866
367226942
8829670
681061906
955424710
3818846
15625758
738446114
75529914
7342470
67358
211751636
580309334
8842956
3225240
88990
504222336
49841602
17638288
138118511
257158270
8774056
8704220
660636711
79787362
8833726
5762268
41216778
151182
340566
55918920
259032370
151260
236348286
17538188
228289976
490804060
607981555
38966
29520262
217040
3119290
26824570
1916842
107818697
232979362
72122874
274083906
355178
280358434
420431538
49912
3934026
233146516
241451176
1180860
186520274
210854043
3682944
280455544
890964080
428684243
489683694
233155122
508243089
904972490
562114440
197364666
82699935
659155362
337862
8779906
334368839
910199148
22506145
768638841
413385015
8845738
45856
468789784
3679850
28813225
272326685
930497699
112524366
275726898
5855036
244853406
5198172
43896780
507718594
876965131
7335554
927008535
91414848
277099204
2772710
10786274
3015654
6670812
55924172
10786456
155243964
146818170
9240678
2154742
79541064
8780322
1543196
55839880
256896348
454132154
41158668
141194270
41137407
7585778
229182
831201955
137506
5283452
48230616
9164576
468921150
157369593
838132133
10601908
197959417
20038
280456298
361990
837133855
581649199
879582656
236345530
194304752
1296456
212100
29266268
161705328
36454774
985437784
5584844
271090162
9037774
2767770
80540
410610
185392105
13944286
248794982
273713590
115525990
2677862
2833342
656045656
104824
32259440
6112124
242060070
21169911
104876946
319766
720228053
9462302
1596002
289313687
1396868
317444040
2765898
29272872
115344484
572610834
42880466
478817674
41216674
144891414
216361774
342002349
587035766
958098867
198606140
231717010
192561466
231712746
134958788
238127804
678881832
161695266
439765625
124743808
8393312
620615662
229427866
9228328
8386500
964007173
10599386
229676166
235046076
317608
37420558
18414804
846086154
33432820
281668964
60188900
18405678
6558076
317322
405306
41834025
4593646
152421222
63648538
687698351
164394404
244856110
9167956
42877762
877319852
280051204
198605438
15400000
742256111
1080474
228421354
269884959
229431740
181071714
104976604
2833550
289755169
982562153
509833910
246952869
966995847
268405168
21703200
280503514
5655174
6041820
900181661
1753588
55852204
37320564
102260774
65991008
211741886
8489902
102796
229678194
1002942
133757812
76535445
106136820
112078
350309128
233155538
160974295
401331906
6486602
36210
7342444
3361506
1857848
8778606
511496434
835970
419579419
729824277
19223170
863037459
7523482
535852222
77046130
271649717
225670505
137633048
60193866
186462842
45830
42889202
128485336
8707600
161550368
809464087
280455934
803897256
346029962
1135516
997280342
8715036
195612812
576751556
211740300
728106743
235256988
895359959
57903821
627478671
825645612
235161516
35924
939866
982860945
54751026
1139104
1919494
7341560
621537567
5759538
4839762
197280
603611610
1400690
44036712
218473803
629411875
416257094
611168225
8960606
4840880
373049642
155043972
255967444
253778246
193292217
805336082
11498877
245477868
1467146
5572286
838747954
366655008
395022913
7693678
896977490
787597682
1190844
8602820
125081536
277809722
8396796
173235090
406103972
289313401
867337414
1190038
102382423
8771534
214117030
353062364
8955744
22576449
59715771
1178702
32012258
3816740
936191127
6565356
4029680
495852216
872161504
22352
22511702
180255363
804878013
175471798
8778762
8144206
59117648
39461570
71917058
124272
161572234
265843518
227437332
775890973
296601837
423523541
334638
198428716
49002303
3015862
231783050
233153978
81529000
5970632
8904108
727368518
30647154
695801837
819334521
8502096
369295997
78461336
114132
493565305
233077408
5187148
187504530
3515842
134981863
241453698
53838
75520580
6107028
106566
131038050
108929046
8491436
667939909
15177986
33607462
907032089
245872892
229669380
227214460
192406544
50049290
221564
513094969
56129832
9235738
137358668
1010170
1401470
3371932
965835540
6674192
9521062
5118326
1005594
54724808
87773921
70737932
555702620
383508404
277203984
340742604
37281238
281774420
9589780
905252463
5194480
208783023
1187932
761914964
274076132
138089608
254068931
10536362
4947974
198601434
169933371
531107270
680785890
10540444
7689050
248298224
565304739
9058158
398829551
2158564
589339010
111974
176045795
26177026
989419391
8601026
489379629
231853172
143407438
2913006
245942078
2830794
17860978
137792
119482941
613141005
5964574
91486738
235157460
512341252
155886819
291686
190843970
805553624
6674868
120810464
31713343
967802439
8850288
88684172
9459312
904665794
8833622
216169374
65460
1395984
41131803
49756
174299993
235258028
9035122
776664
10678114
675256860
83036
3756160
67959338
29788
33525562
337264
20298
28205546
1084322
346215906
97368900
10611606
775423077
3744798
233149038
6107184
8249506
235466730
36209154
249138546
235158812
228362308
218367986
235627618
200720644
287396
1512646
979777891
67254
38576
13073884
306207196
18095264
470607298
18410228
479597214
506418346
19482364
30178
941192
944416
1002890
682995344
29512332
1187100
32267786
945283006
598913358
36430204
992915604
815869845
41966157
41405694
1647846
1642698
110829835
111147555
891036568
714114904
904669694
525162583
1644908
1645948
63380
142928109
44146588
44148902
380732037
303853003
303915715
304233383
993711871
620245185
88938
2315734
5649376
2359960
618699327
92708
931485237
713524681
714284661
591140611
771457891
871594957
2771852
75497050
966951491
2953878
3333804
3016070
40042008
3017916
79614670
79889438
182591324
124116
3470602
91673366
3525852
141718
3927604
102234904
4034802
160256
4360998
652611600
31837137
232907253
514440419
955354120
69393285
4439570
26648089
185866
5504556
5508768
5510770
374176806
143354632
212152
214388
772930509
145251670
5646386
5964626
5968292
229494
155233382
24282874
124038
282170
8314142
5961012
267698341
7049216
567942354
385721296
57896541
322470
745651441
96551710
312812
486927167
625999167
756001039
1857692
491512118
234974446
753645276
230078516
239932126
7537132
246012174
8497546
214398436
51968740
28929497
75263028
142973791
360764645
895431147
695806335
260694
198487840
36508085
92795890
6214486
244834582
1688302
152204233
246013500
584980851
29996
756151179
238432004
6487772
232983522
174686631
176265016
214492816
5761280
131875270
383854901
788363115
2908196
5749580
10678140
408356334
8974334
543722392
540237222
144985326
40378367
664224217
971713367
944669380
2908378
78473348
728089562
6672164
834012418
190818984
79602580
353868026
78361652
43958504
78210228
10676762
246230860
1928828
548913167
73534395
241603588
941010
17586652
91422258
229572738
39323978
221093358
304571758
95837084
90192016
65642868
221097986
955290862
3681722
22421612
7331420
976557217
241869178
8829566
120046381
92867286
155268534
348418
364384069
308787739
805551388
688935954
533302831
166992974
3751818
60757367
638035052
531414604
265577044
114904763
454097834
982562673
8882242
181317674
51621997
63937388
61876628
115963112
75648006
628950999
1637316
975768738
356105833
771724381
930331832
139257838
7333968
910972012
258561438
1295494
323325421
221281673
128840935
261246981
245877026
2908404
623409827
954354510
531580380
732792641
324771629
113443355
478885898
428370813
901240632
246224412
705402089
240013922
814355075
233275190
33504709
1085700
183778418
5642954
387626
252326588
764587699
405959768
929582083
253507513
233328880
136508611
227146860
26067358
383221714
10330676
938305785
52474979
357648
9888130
8607630
1798735
365834535
452366559
421236350
891502301
325128917
178093149
286815940
199922224
149707680
3928124
234907366
85935747
2211084
5761566
159451662
835937978
782696
260978705
408156151
298940304
7663298
29414130
211671426
9728204
799998116
222645255
229987802
170678309
32149252
1635678
1435203
862608551
604558250
34415128
6214746
5653120
817814186
992907154
8858348
244513014
34142329
164164527
367153764
134698382
758024739
996132977
17466224
8954314
801512845
38628
394943197
91415524
24183977
8499418
194689292
882976754
2766912
485776469
226422708
562585547
941745421
993161890
122669203
1186346
1192222
407247500
783475860
110729891
342567758
594948436
36824262
522294918
951347650
1596080
350500442
294918789
49150356
346223040
194177940
281681044
767529612
891704151
229428360
149484782
102607193
3929788
227147380
149768858
956806454
157071868
7587858
390206011
992831107
972053605
904808198
344471899
847033388
42870014
976826719
5760604
10215548
678078588
412963568
229667820
715062436
927724885
354236829
733329462
678635768
65901776
43900238
19763088
816782413
804445504
2833134
714139321
268874260
217646079
173523914
137255084
2145044
106410
24298708
3826204
800917410
190727074
962840054
33525978
76516231
36350436
10540470
7588534
315714867
528348399
2206118
8323346
245873412
691241931
381087018
654158366
251182614
158911247
233087548
7629224
20724852
386011649
275969444
6029678
493487604
728715377
357934
382969930
302478955
4951588
903043191
32020812
235161724
160878069
516513907
311834476
8787212
939275116
235333220
837387522
95630592
287344
29616387
50457404
662971892
385009736
229427008
38051535
255005184
149813656
237182648
234908016
10599204
200151363
320529357
602385069
245883630
8899870
22416880
617323223
966888812
165218289
371412180
558764476
210139124
813726974
529035101
940144011
8245216
255299987
147137804
769825705
39388822
133256508
1925812
220708440
41393708
168711337
9228458
76484
873038886
948500416
214291915
9307732
367317283
2145460
296538683
67895030
22204590
658038220
227392924
568942528
929291335
70394342
3685804
39098716
8939260
47980217
115418454
417845732
71993888
56029628
946945914
229430388
235151532
729347050
813117109
291356294
504740221
39401094
835884184
10781568
57535278
275927738
1397622
846300221
128570512
346031964
274082294
812936857
294460664
269950
10681520
10453171
2099882
462733063
69749790
173364976
70545766
640605001
7335658
335054
86129031
266345108
49850071
284692
1079616
297376892
203168440
115353922
348355017
100792511
874413851
804604780
262052882
31140
186464
345233005
632045942
921538617
867291209
911930560
81291542
639212124
9239820
50203366
10652166
6029470
918606805
158435789
18405834
728244164
408062
937838
36936937
4034464
211860981
889370370
1861306
719626712
10540990
135480375
194035288
39576464
886642958
285544265
10661448
122441099
641829067
857483414
870085118
41641788
195778344
182539714
393027500
128739715
536258009
8597412
43889500
161386438
214393106
3519092
625855439
8950674
395432659
748164863
39330400
1401782
945082858
341944
819044967
2772996
1295780
154900
811608703
454031083
65782764
281856804
7638376
9849078
955818116
1691188
538344136
444355582
34206452
92932858
240237964
514904273
3581856
363071054
702275873
369331133
671587807
8833336
620781401
438231140
200027768
950561783
36142618
857913452
543987109
627291419
131389902
280504866
9165434
400054681
266362
573407290
175189991
39526595
969971472
8960710
277987761
348184
234910720
1514986
205234815
228387750
629850041
874227238
167144268
596455285
621218921
834177283
81009378
425936436
229564626
195616868
216163932
5966420
9417738
264559275
635201562
20244216
10657470
395952496
858570912
5507390
135543931
1296326
137758948
17395084
7692924
6421550
168955428
552992917
3822330
5510796
1998690
1187074
234912358
924253226
478818194
381086332
565309653
1854546
49659372
570584220
818899083
669411965
785567247
484862443
8256708
9456894
41151752
436247222
66553352
232168864
488758363
628640325
387530639
149821586
984087608
3229972
675286264
322705881
846085335
167926
121759672
817603053
179755107
945082702
216167315
945170
136194130
277018942
145065309
7479464
429550347
360863628
475689143
166522
689830595
10671380
342609007
73688757
921264597
949632023
5748046
218748129
9093128
34978405
29737615
962857110
10784246
834095241
5971906
91422674
848309196
54840778
32076894
529743771
2199228
412906446
876835250
947181214
781449153
242936
132511947
244372578
167756175
438252848
92927060
221159710
762230036
10678192
343669168
244890014
2314902
95549654
69558130
638592622
515817640
658744086
78472906
688299136
270423470
605077790
628147179
209822277
126510106
949067839
602403946
149857558
137480
312766402
362484422
862585612
257880890
1005282
391683832
525124623
242099980
404027419
789085721
308249799
170542000
312232030
8947190
581640328
467420
1645428
171581433
13177312
107006398
170307725
939008
594788298
619403668
26077394
680926732
686081908
890991622
41514
71354889
30878060
32370382
868908526
869295198
789994312
947139302
954634931
994468558
712132038
206524181
438873474
24396241
24412309
702592284
40173977
117873261
571135848
1858940
655672480
1916530
50022536
51668596
1999054
702952366
37911005
65371454
706569993
711418421
108880
138147059
2963420
44779929
291217377
71547274
118188
108599016
383128493
951532822
10814640
176688
784531549
877920832
5118274
466979591
10286355
5276224
143072246
352682670
720062837
5503516
720772637
5510042
5510406
334673368
5519428
766927213
375764121
5572338
5572546
947465579
5581074
42296542
221148
102794091
149760252
193982031
32153960
739375295
550982916
155101146
5966602
34433926
36141398
14164679
957049124
345254800
346014832
7119869
385002976
731233821
249878
238334522
433220704
662159466
116373088
821908403
203173555
323345653
666662822
448856919
671132144
179658874
179680402
487467769
831426772
7331264
281910
960037124
7337348
190811132
962815666
85303571
409504319
963119528
425041945
552600827
7342834
64745055
190940976
120950555
45531179
45540643
212652283
8249454
994319520
214572584
214609062
8255356
580687433
216169686
155259468
155263134
884124905
8706430
226414726
886795105
8708276
8708666
8709602
129026410
725254775
26206326
226574288
171521841
227142804
908796357
745815015
913360943
913438839
8771326
929607927
601858437
8773822
8774004
934380643
935372959
427972840
836040240
376859837
372916860
383568436
266743081
938960153
964988649
191325532
9163406
9165252
352526
198549268
9170140
352734
9173468
354840
240131988
655973400
328466240
220512491
654070802
50192649
102783649
659219894
175135453
281178063
10083780
10084326
220794411
11454162
788006507
10532800
10535504
123415905
10540210
670761788
627611935
165151209
407594
308828670
511197616
719988672
270680359
290212041
10784454
199616111
156183237
907797372
888463580
5651560
822065465
146924302
950950224
392783313
130675365
274157384
90564652
161694512
891706259
857902983
872984498
789681053
799512849
199986038
295378
267861511
137913198
130841276
159462478
157145197
130043941
7585622
567084222
664324081
7578888
7536820
11525515
9655855
228731196
8515963
622089885
623258247
8385824
56887955
229493542
229493646
229498014
229680222
982856551
231390112
8899792
803712460
8954340
233331818
234974420
921844022
115413436
163724410
120057556
554943660
126505192
172420308
457549324
9244058
361704
362508206
244759442
527844931
244890170
320414982
547847397
549920403
5872942
9510012
632712041
715382156
392696
912131956
980229310
443214
304271778
141302
634667801
10221164
192503355
349818576
679882988
637553627
897048236
49864352
2109164
722925154
774011788
147053028
157106500
6675778
52881895
488698187
466021957
542879626
610705714
41440652
198488516
232826612
569719598
7479308
5971828
138265690
5972218
63146
5964366
199946726
155364786
621287655
49444
297909195
931327622
317478
912582092
876841906
230294836
7483884
42518494
327020
586009572
284874
438654966
947209554
112895424
3756264
8497364
623014653
316482620
530824926
861203066
532091526
140184
44242398
211421090
82062026
125330167
837143995
1291386
776935231
428984990
232232564
235110
2912460
186451870
291790
248306024
236424336
730846420
913358213
232817798
76802510
44251758
949594574
122642613
177646227
724849949
3225968
9306042
8396640
833146750
946626812
40173100
543725772
8882294
2765742
346312816
195613202
149839162
30937158
8948828
982206239
143513225
235514388
193923396
111143655
200087771
67815860
200672379
36262
11520618
766990419
163656767
75520138
157157270
229432026
87309890
256586
728111345
30542
581606694
840204130
218642673
955435240
39391578
76872814
709956975
465134873
14086922
233223424
217977259
9286490
73963570
918867949
236345582
981913583
71999147
328842072
198503388
81104340
779495677
256075162
814829318
577192896
905048861
127230722
898349224
29347596
1517950
11981728
820621364
10782270
39466458
767511516
832321352
394618944
298588601
251394787
125836482
326474
1752236
822288361
978165577
42529622
91427692
350911391
301437812
48465513
158995894
32015378
362224
126517509
37813201
454210109
45569880
906348523
354546733
17526930
41405122
396485646
10786300
262072400
8854292
930558825
8970278
194436286
192642988
404478530
2210278
58098757
584144999
580160444
91556834
732881180
906873229
1193366
433897481
818684562
291378811
265834028
972844133
261544241
150995711
896977646
281587324
39323874
122624985
10680844
578450015
646175008
467117420
220822123
30995970
39329932
79540232
1187984
10213728
185632244
609146208
71601068
66225301
354069422
8970122
823323591
40149894
9413526
442406642
10827822
493324601
349845989
5748306
618885227
188980914
71916148
284978
71765401
114824605
904746914
198495666
161667654
216165469
51627459
668919533
306548384
536251391
245872736
30989512
161308700
468080977
66159826
1010378
827514274
161990319
986923788
455998724
36392
626110057
851283268
260525727
3744590
450277736
656336416
149871454
499416548
19243778
771653781
13614346
195609666
21378492
285030
416446208
203433822
734620093
924515098
612573900
307690146
586788969
44635942
121649521
91672092
346188732
24294808
467318944
116700410
216011665
74674684
246231848
20338830
857235045
964430564
750795419
679018325
12154524
135173524
4948520
604954063
160731091
36144412
383036230
760977228
940177337
3932726
166113430
763935858
362552364
3120434
943974
297644749
311594292
240171352
233334002
221102068
236872720
106568128
52188085
202703690
545105713
28990571
229681418
668001434
39467524
731067088
394618996
937194129
882582263
255254630
57189737
540228127
235385253
382695247
630106361
971465269
654864781
832402628
9415606
625536159
3470654
985428814
597891243
112801965
585285264
631291718
291038429
467092089
345324
1918012
230839943
158827258
2315344
43961286
10676970
80457930
230939402
10542940
9283552
40272387
287578
51888114
787038413
3463374
985132570
5971516
519215687
100326006
129212
29277318
24559748
41407306
330530
263315971
619752576
8929614
198494600
26312827
60219034
428223288
889663326
8850392
175640526
772452428
3222770
108854
630254073
911434376
339916
313174417
719836836
945104828
179901529
156819096
947670924
800435122
387540575
301037723
127790584
9236882
203438320
284161708
274198828
17579944
386640211
247070
934908155
88633929
9412668
188341487
941088
22421586
112107579
172163297
231561701
887511145
907580450
9416412
238594
131620600
815805287
30894960
241444962
107859706
149468220
92916
55777376
173237212
866914697
197153754
112022065
994018658
142996229
622673391
245876974
226371202
748199271
147079730
55784474
305283705
809783382
161629798
654977301
336255722
2956660
287752062
16336260
118485556
293688
689122
397324
636620096
287734
1857926
1583080
806866637
163712474
9934202
233884526
338486071
249865948
871205902
232155023
628744819
194242144
2953540
1917570
37740437
663866733
352292
235208446
147022
681513002
26269196
163510635
126190968
553365174
107527506
197335234
55290041
37307264
211918
804849728
49600
355971676
9166760
115523910
109332946
640118508
316372924
39469344
807187360
877317538
211857682
471283422
233327710
216175588
250574682
10679492
308785425
999211076
6486654
116134
324564009
716708
732286027
447083803
41294778
926767520
966925855
3823890
248309430
306944336
249128692
217326
157128075
79675796
587621673
95757316
797215964
43903046
267016554
217430
2959182
985411082
199854
241443740
478902609
596097729
90300800
895611950
619544368
919352704
1393280
875692810
124465817
6038492
1002786
778453674
931999573
543416885
956732484
3929606
785290901
231262348
107849958
136448514
441969367
936602168
909765431
7525848
8843476
193179447
578843669
416384676
3068460
507083811
115692
3821472
68424608
989527114
762830473
255401176
1296014
121126088
246274816
935429475
29414312
341168430
341636846
281454197
426608243
653726709
875794392
57824029
238629738
515806
13738106
710493494
361393414
929645743
13984170
529568601
260144441
366665824
761356609
367816239
601897031
770639422
680919998
776854475
41254
29517584
1183902
800379650
804351826
805896824
832401510
834012054
32148732
32149954
733435569
32252654
1292166
33802410
432471550
901478534
285864656
127782223
53734
469076419
603968980
432672618
754197028
37959472
752593073
159973469
641605526
1512542
586304828
146679824
39330114
39391396
632275584
418362663
41228088
41288252
915323863
1635470
1640930
808658022
110663643
65581473
904286558
1849970
48149340
531203849
296015069
296461229
712976981
713114885
297979525
586596779
344724172
241037479
710930168
847469599
191142735
371685182
869116471
50105242
303468645
303922917
304299839
459956436
1989902
697054468
506821003
1999132
139340711
140752355
985688774
270689217
510954203
596579203
260979870
780054858
916175319
106721970
747015399
868960915
701642785
587347933
706518773
641373827
641373489
82517254
84012228
856489360
579627556
434477557
33524490
867108995
544836516
756841797
714467418
800497929
73821272
232956865
73926806
109348
966268237
920063077
77045766
3013626
40910167
3017864
40170240
155148863
37469244
349271086
434627864
193125450
813441901
813497151
863012292
3114558
164284
228839698
3124204
679747452
182734350
183575684
3287770
3296220
865264240
500468920
228574638
943353165
305692042
311877624
350784856
930281522
801206383
91423714
91426028
962846953
709120592
731599828
24047889
534974732
97584024
761058264
313510984
121953851
442008884
492259733
3927578
655104612
32789725
35821145
146576749
821161541
108849070
291028965
142355672
603732310
942031512
565985762
599546749
113162964
942287716
942288002
666441704
500802280
948224634
65055916
848656357
113404270
402781277
756468928
949350564
892044168
30691827
727342906
784166819
776332353
113625894
822862720
846023494
996642045
846025054
692177537
370465231
206333022
344892301
40380915
909790418
895057267
906367745
477817140
886611999
242702
594139457
30304913
856108170
488447375
330711868
253589335
973789712
174842359
173584182
512349598
317206609
173365496
169037068
878485359
116377586
877957632
43944741
42277092
174035440
327552322
186570194
121514474
292980537
159394131
851843558
99012204
203653967
892680874
807871450
7244970
340957185
865856390
873519526
279232
200735029
200676217
200483401
500836675
45714319
25610781
305666017
534962380
511129417
604823861
334473920
327618422
256907164
698128204
351998880
632040534
163611527
625977189
253884378
163483763
956164348
496507084
249865558
140338422
198496290
183131176
596549767
596542513
182349226
383720680
615952155
139003976
962078547
578533163
24854985
667333698
146900972
130394726
157417287
145742942
406704129
7589834
129910847
167025448
377228345
7584738
811729970
7583594
533383437
7583412
123522153
7579070
7533102
164292474
194568470
7480660
7479698
7477956
7478138
286165671
641303849
45959421
311080489
510094289
235685102
193788288
187907319
10519835
735494573
990646470
7400372
739025091
211857092
573903981
933189854
75791709
214679652
317556
620421855
131037166
55624951
621430785
621465495
90515926
160050228
860277007
216258866
194023336
622908729
623119407
623256661
54113642
624550915
625405665
774365444
774369942
263953118
863475764
625861445
345523334
628849599
103721933
350491908
352322542
161600091
284859674
629200729
630033067
860525179
8702348
478853127
227391572
984694380
228206828
675746552
96115303
229434444
229498170
140964341
229569644
262524871
971682583
229680508
229732612
349878503
340306
230943666
231390788
16217872
963348214
231504356
8948412
8952494
233375368
107815482
107850322
234977150
969176318
115276728
235203220
115341598
95635506
215419068
108856392
128729861
348435340
447463855
163793600
127524782
208586244
593020393
9087798
716273712
75192757
9237298
9300972
357882
361938
245950450
396353758
9518124
434471708
9591132
41266524
672208261
680316369
447143413
657996334
130205615
257105490
257770570
9917640
704392632
9933838
184197098
226994205
343626182
524752451
911670742
709966839
710285573
265855478
530509824
584254653
245187388
213919643
318858853
82011757
137662
982172972
924937880
531520502
908678991
268946587
155166952
129662927
203121276
298706232
480480346
968953935
115001762
49188420
86363478
210263107
952428937
71645676
586524733
665438695
984942279
517289781
393419886
44389334
68669060
622719058
9802344
552992397
828277207
880323405
430202854
269011886
990526038
540828911
508723632
993554042
912810287
440297691
746387688
841247363
341223926
892497002
418537489
748128982
27870152
11339459
442887622
685022959
361481765
410906780
291332886
965227459
262666339
6928056
807608405
769674217
922879954
179574
788137871
239942552
886777957
278108265
351878009
30447443
88565483
1403420
74766729
3516128
545113015
462733089
231697598
103989453
801788731
867959565
222672751
559143106
984092106
985182864
663624963
944865212
711862448
334447555
32915578
154986096
4658594
115524265
27256460
896976294
943662
973985024
113381437
770742581
393015046
896347770
39388926
173068641
450392851
194031492
65335597
509140307
130629655
730782624
589623554
392766330
198730091
151078
8385902
955641420
944170074
19549002
291866499
373057130
126528481
135104596
734258738
802405257
17530752
106670
835922273
771972187
9550130
41972605
846979236
5971308
678231662
48337398
231096081
26078486
365682
346221154
115624114
145792755
153563535
551414289
7690376
870175298
17465570
217967075
8472827
555780178
23678
247106937
211865479
51207833
440988176
277774892
235053512
621359519
119330651
2713222
150379657
975956364
618581510
686176746
24560164
621349627
462068812
213562845
83634064
956898376
1522006
42846640
686695560
121412241
8736200
79545614
114028
284640
41290150
145477441
973542610
710283981
33615340
573767896
799081037
227395342
869813853
531179212
8826550
167052332
166969340
1647014
292458604
737048347
190912662
231903422
921109517
120182226
600057765
157095190
712339028
898418696
962779656
45804
30894674
657827072
606614449
695876381
2707632
832445095
852970931
730462811
961983659
19482884
24042
769692365
511482543
839451264
54636730
243948024
163762119
218082255
536531538
301626727
236352810
6671722
217584297
747518955
662374725
130181143
1986990
20354639
123125581
489380508
71801774
506832443
518075113
26295846
161639314
500624856
3516440
875258944
901994242
386591056
211606
884045855
479343241
241867098
91669232
2516678
543996722
218840750
929477875
839184234
10146502
676913634
50069336
246608162
573320931
199991108
224757896
392665223
231249660
174553495
655252110
861347724
75807396
115508171
820420920
4467936
84544
843894004
177000
298236
818978975
682883778
411289649
65436295
506418190
843373911
618272
3521614
205376115
645551449
821619164
191073313
891151306
890966264
29273704
679368542
882971779
801296382
113579874
844208896
24947002
245879782
474369283
222371492
858972128
180129394
997222014
49836506
8499782
380308580
660009917
815022971
992091036
425449620
5572468
3014978
42823136
724009792
931005661
196053930
822069885
35067357
720044850
506474092
566990022
296259274
9308928
131457535
930440726
36106523
146710
55917594
169855865
137601765
8894462
158162369
6885858
274923474
651115042
728092874
297549946
344700
3931894
79675406
787714847
938046
68466797
236532678
884119497
373236188
33688894
626224508
988159375
2001004
18801456
39328060
339562930
153119540
837320041
534155565
63688568
637877102
30898652
199698338
963031128
51991958
698992258
47260
3420396
223034567
231150314
912252147
349160889
1011314
941486465
344050
985612944
95837318
763570909
998218601
440374387
454030979
1517898
8247920
868297708
109619093
729592395
330660
302764773
79716537
738098463
263111935
55778312
529045371
758020335
983535400
87687157
2314850
1011730
499784396
345195487
253998627
114469419
112019335
3019918
2205338
2776931
658099292
235264658
516522737
888411176
101300816
530571158
236532418
521327397
800880020
22540127
161463383
218026015
599209809
968820345
224477013
925577636
940419183
563993624
382877302
9415372
7586480
347395562
964000018
1213511
571950546
486830700
1646780
976279956
26267220
229431896
128535830
295741627
404337390
710240996
775591196
871055273
1642048
20708316
978917640
5751842
384001059
778857112
991655152
294369066
275867260
125644020
346010334
388746907
5517114
642905629
313660403
227146886
592309208
572838137
249144021
451543492
768881291
516757124
271646159
676564
19648
341742354
520099759
317374
39982104
53513678
943740
521317445
5572598
196994
776760721
936231453
58283405
875639978
727041731
507080873
3478298
826772922
228397070
937191243
226452452
345022848
947244706
29266788
412906004
8254004
7585284
957599541
282626795
778242186
5656812
59990650
420970263
107821635
875655032
787450343
9034706
64431501
5757822
999025377
637624435
584617532
947479200
10786534
262224890
115845845
816592665
631483532
742607635
230294394
301767126
972967022
80872426
922104543
1652708
495757078
9309916
6107210
209819235
218319496
6498822
69567890
875707715
734758954
989423993
495186876
360094589
939658
204511661
220758423
234974472
8736330
841222501
9053868
739841938
190918238
964008836
142749337
709816367
478273449
24416826
268267630
234590
979055661
641610379
374658307
797977595
318933551
220750262
347514120
591197550
244769452
8394326
364468507
123269569
864682514
947681246
677758554
306074364
17717666
4463714
90291024
197275174
87102358
56025936
52113404
865988739
678050586
813678580
290470992
144962004
808500825
66948193
55773138
353872524
341528
397695155
488932860
591018931
967698942
32147900
330816
278116364
4037870
81359868
766591201
720135987
765675023
940558571
897705698
42733332
572851232
401482563
8958786
8736226
326526
161674570
6108484
209672110
819468529
180275790
281668678
8849040
7689830
170508538
3687806
982221904
54455224
1188166
241661178
320888993
249144125
64964658
261149029
137580747
5652314
67662912
849750761
18480532
216679292
8596580
727588036
995367843
362949337
158831340
21139889
638849639
971562201
839896
141576145
9518020
46928971
892873229
286534591
793437580
232163612
211295643
367553653
76718
768785789
247463026
186627137
533713855
636137572
95747352
972363960
410428
9520984
861054701
149560260
568654437
705135240
67545470
676925835
270525338
586651890
141536
111854684
64980934
276144895
258633450
110999797
735661917
411814788
229677804
7337556
375617464
277465388
294278590
216432104
94205497
3675612
295605933
594423570
460254824
176818
612451550
23912
396582402
157090120
66168796
29337742
40753108
1995648
869450938
291706105
875483547
49047760
407543309
368851963
368841696
79685052
3013808
837542655
204185079
635197064
20451306
276947260
10530772
635545786
77312476
819116155
745522921
935715887
692027455
103553998
23411333
883280991
8245372
204507785
285926897
668677969
944327090
223906321
627226471
8144362
419147881
272534879
399309750
42872718
645379178
628671135
309171105
2546380
56030538
8950180
166756213
55775010
2093772
421559782
275822126
234916804
277315074
8954600
4605502
3689132
920567187
17414688
407672
473553607
9040530
739192191
15833974
346028610
463390
159610377
657024762
756468408
914249739
3573993
220780136
8490604
359221096
349653960
866571193
550633864
605873981
1468706
235047974
552444527
968659511
432136627
177673652
104895718
879347034
44149162
332212587
32019148
620773147
955343510
145100298
585258183
768890755
450118291
43961156
348357388
443293153
735273532
147123925
90291180
71723034
68693084
60120824
566283384
772066213
246411494
149506232
678622046
40000765
405245492
9048278
885615303
674171288
3463582
428503775
533718353
297900823
13985132
262807571
971635653
170711754
54754094
619539870
638258470
9510844
8314506
857746140
444062147
5644124
905861992
23155639
815398493
9231058
397013565
8709628
299772075
996760413
235598732
207900301
48258623
616045063
88931900
605153110
42747840
724792018
747379279
260538
6430676
93817915
482022702
10786508
9299932
126527883
81133928
60513944
891037920
520870298
25891889
966078489
481633817
904370075
250711253
820084971
228907754
69669866
63165673
8894384
293948
949599150
84596
399023211
209775093
78479132
538652878
1515428
270118225
125243705
243952418
153465485
36339024
492666856
91561722
113487633
232639698
7403102
727223029
803537079
318873799
144110254
734059205
752573788
1401106
729412856
728999942
324778649
235053408
554231099
281093109
3423984
527878682
1919546
184819127
904743534
110944911
841645238
20901678
260162877
273862074
218844435
352474
220765134
144891856
510704285
76798376
869756339
352816645
118860425
481632959
281758576
419614452
322418
5276692
77154030
207138955
690224456
829395743
716098998
679192314
231706636
6037114
776471636
59995044
473069254
42875994
33685514
244194088
233158060
134697186
7587624
745170593
310835449
779556049
29251296
39570042
9845568
85823141
797139462
458032471
355159628
656222716
506308102
374634946
48154072
594005795
39401068
206254350
213854297
317487561
175495829
2768264
71913314
474065985
8709680
10128648
790638797
712334530
709897461
185751019
111073711
416255132
399322074
318526501
192416866
3750154
654864339
17524772
229570164
6108770
460050253
3932336
101942716
218037467
805689840
256407261
410766
945397194
199757923
529693716
17935689
852385788
918658909
39571056
61216887
974634382
214541332
87588853
155220851
894880493
216722031
869840406
333883671
930416852
980280403
866612421
80878
142395581
1636796
876382668
1287174
405462
14363890
115431620
2102404
244800678
928387830
549489847
198487996
5650650
143371194
461357506
383547716
591432745
1588254
798692333
896236847
744402959
284468034
787383649
155244198
59406818
775677201
1919182
39881002
1189804
128177494
66607198
14360354
7403076
504931427
156813974
385946762
925157222
404690127
434299497
1005542
10601726
929041212
942510616
275719566
740272651
290760512
120034
3755822
47129412
266864704
293934206
864128026
340358
824773615
604699378
427627725
242780
95678900
665031153
259687944
111200734
996031329
972843587
905048185
459714498
218091164
552610489
707116891
908297650
72097654
163337143
84602226
825886787
359596929
912496639
294805658
726819086
650573211
363509213
51914067
197705648
198526924
413765532
698458975
227214850
7588144
76863662
2733388
6040780
188172418
6206556
8960762
11956073
607105615
239942864
192406622
6769508
118216531
645998728
887003703
125084292
217014
933378535
294213793
428368551
234977306
3747294
839177900
731566904
546680757
572199375
747251524
727040488
247586058
196054762
864574004
226817925
231717374
6107002
229424018
994873788
91425950
778180250
9300452
135678233
277016446
102264454
9037696
323395633
246012668
188065272
643563111
1858446
956735864
890376545
967332356
835578504
996122092
893981002
2771644
726544273
883187449
214789242
822142969
736883450
306096561
264516
512343800
898409024
227447602
842883488
186487878
756604859
873833843
233218536
344213526
491540909
20433964
12834424
14442464
6393730
9411498
3123840
994637284
123204361
818637523
592170106
928673077
64936396
185300673
27474
240152138
65015972
229422276
108530683
267603580
426813071
166956571
125411873
616057118
178126179
184786906
195205992
319932384
992192674
29520496
313454632
91486478
557013035
871796356
128574417
41041063
76075150
174166246
9037956
56172930
6038050
432214535
787416134
3006424
352809885
805727280
705789256
660860796
544069760
109632154
6893736
248886232
5861926
491463966
420478681
878730664
273900086
10077410
390395709
284351658
268479918
796589670
188328305
233218016
256222
240172106
106662511
571643061
177988107
48153396
951637654
5748098
538994696
666354874
93832191
727053996
79790742
477534029
370752069
157065654
903647686
936335140
894518053
495118708
684683792
597044757
88918380
71232
863942282
971140117
277808916
5651014
660901938
9462224
63257618
449397775
7400554
137648195
91423636
718383949
18381411
234985990
732007431
573959600
91419138
931563026
294945686
814597220
191769274
608994205
580527728
595299498
346635972
708770690
6674712
52479477
76960200
114374211
286820282
820248473
552515779
333417024
3755874
3744694
232812754
624992411
5503360
40424869
891356909
509974576
23103006
210300672
3576110
463591630
63550573
281974428
2956192
255937785
858240275
6112150
709921461
126131547
809426808
972843977
811300608
114856091
12155408
157061728
824071703
503448883
660618571
945414124
265895830
204112633
823416477
179996836
968889765
728834214
36055312
475521724
742497192
825443380
222896233
216399604
623011247
793409262
146339098
214489956
869961036
196330856
510682426
182175206
353106908
77050186
223675938
926084096
405648226
8607942
958861588
712625651
312949735
220562022
8143790
211682008
400254264
357244399
786253832
152690393
155809804
251737747
322631063
324567283
320207701
407811663
474143943
822663772
450377086
8322124
36798144
697488519
626108705
783658272
216439540
295149763
239478872
328911310
619084834
24444423
628736551
330401145
379335833
349987638
575745791
629054271
675661203
381096482
381165434
630431023
667316521
13304146
218365126
8500068
459175777
810945695
84661261
223778534
196218449
969085686
101985963
293013366
177207490
8958396
919965876
885418883
607984441
607985273
915967929
233224282
765405161
233229508
745732427
234911578
234915452
234977254
317629038
231980142
334919218
115420534
389874320
555105291
166845052
485630678
326533129
236348182
945656596
527818718
241380040
266335466
9294732
9305860
212895160
545350461
216886578
75365678
9457128
220712987
246127198
897603649
261984520
402179787
341458850
5956181
546109249
345129996
13634964
298624920
519357780
15246548
192368031
341342207
18111436
187750530
949713066
693933275
589988675
193853725
297177832
411260803
754832972
458926832
635411366
45024839
637977410
308843229
943896
24576700
1002708
1005490
89167118
318414986
26210592
26215376
407426501
725558254
729958468
570207848
647269534
1081618
305021113
27835491
733597558
584236190
29343826
957857051
767644688
29525930
29628526
1185722
786706756
1231092
684051975
684175891
684325001
32079598
834086700
732051121
838814644
838968096
841463888
870191574
873566114
873816572
674344323
768127064
1295546
53370
429045192
399623579
438451101
1396686
110310731
554099784
36333198
580634444
36348070
1398012
945282850
945476186
1399364
603756274
946899842
176878429
138475116
36422508
919380392
291483296
627053860
627624482
633910034
610795276
632590036
948127900
948354074
663163154
242249261
991849890
992896338
888943955
39325824
221229
26130701
679879634
39575788
91283633
676202683
12148066
676219349
1582846
822689399
41158382
566802662
406418047
568608076
70162793
862533333
980956059
813658427
76550837
79162225
771909538
61358367
42561576
771926434
718328808
108264571
932327238
497397559
763125258
990564556
878847794
496622549
850120196
110725341
190182008
946849329
1643322
42735984
889592606
724050168
131307407
526527053
291501204
890967304
199698
549193915
49860166
49873816
610230492
297269439
930275791
758963342
236929195
644412624
661772725
899033787
419339019
304310655
993303139
60557358
921148116
2095332
645624661
64066982
562332772
627226068
695622240
656042527
759238323
906606319
68012794
394539117
786114341
296258129
840517262
831194103
831274573
614180927
614528859
672234637
197577345
70540644
360787690
304673328
70659126
837319755
144953337
942592803
946866085
714503728
190041639
741654072
445768821
755666415
958610221
961379899
969163207
215228999
871484405
432152
788618184
5765428
3015394
60823073
655334601
40170448
40738080
888828871
317772290
26890388
898525556
176246544
238280212
751489850
752020198
3229582
3231324
3234028
126638
959303780
496820314
936196301
514973505
739336030
272672822
87672746
943074381
312114562
88929716
708988620
797234051
864858178
91659794
383186316
591624902
382588485
607298362
95827620
783322070
141692
492232214
95855492
673478464
212395957
584730308
702144176
868784809
937396970
42566299
409355047
487146943
155238
868267106
727024329
108928864
177533382
352706006
560320190
123177562
418299184
569785409
569789075
941019150
325630275
983628072
72893800
239821095
948683300
929079951
285206390
950262774
952092004
955364260
715652640
955645086
489450401
232201585
709675352
135107508
893818894
135245204
531701217
957121444
692737161
339426274
172112
117262228
137184286
5279318
137372266
778905032
251326716
728365469
310496285
5650572
5651794
457026684
51778737
982045100
173834189
262325697
962477789
154168656
12409872
54582927
38331137
55745368
449382179
944699254
976966433
75849872
156770216
981947710
81062560
84773904
878838706
124736892
250538847
362714937
364454961
428369955
873035511
532298968
196116408
161483990
244481218
161689754
997116634
809340481
739597691
310123881
888697723
60899327
78664232
474865966
6775514
89632965
732225806
65881888
179235360
497063243
663146036
7021500
509283618
7089646
870158122
7114528
207258097
274890
258830977
7236312
306931067
342466723
207661971
207768259
625695692
212550777
897731140
866314042
623481307
867176410
873377566
746561286
874999446
7335294
7335502
937378004
190808662
963086274
409500653
825056570
67105063
190906500
963771062
615563136
7403258
594553683
207046135
276259560
555598123
307654385
30244701
95142659
697548689
377606541
377813631
7628912
130314282
92522050
553845219
672476696
270996824
573907517
821272512
454210629
164290438
571495507
815164251
625922649
278861128
559312743
34822043
158798721
628951285
218106686
218236504
301243194
10602038
10608226
276953188
277458394
277468378
277633764
10678296
588063699
45088169
895115235
387782
10147714
10153486
156716974
484631228
984907497
648812837
442598013
268652766
985814422
46679477
655886382
256078308
256078828
145067085
828771327
687873480
958916362
9165928
225858982
852986116
475455118
592936067
739583454
281680628
288601230
291227464
793066960
367076328
344976640
579654961
394496786
262077202
941849483
247441342
8706222
8709784
26314096
890934071
226581620
335132
551461271
633257219
824576402
227388842
387978833
913297841
163868176
169695998
675751050
324362952
897150066
306105557
877454454
418289182
753912691
761013763
231256992
229961724
8896854
377260174
50722394
53201000
897176561
857680388
299684701
667660593
723036546
98782816
891319136
904360242
477835649
744512048
331437678
698444234
914553043
20480930
279470291
690360109
808219219
555706754
21958734
30648246
38875826
259890981
296306789
65943919
159442517
505347609
637935008
351562847
962658005
806020778
318821946
111922
105831651
376895681
538984348
650333066
553467050
775816476
892445429
107300206
948123910
652516284
62999968
4534052
130148164
527486947
879517084
190052
308416743
5513474
729095289
101808790
145251826
146728054
322646966
33430404
33956514
980268352
157063912
158908378
153746727
573958763
6322672
6323348
32296768
314286627
945115090
512766846
336983899
293710698
322481725
260724611
834317529
76965424
188898832
960759430
40639857
52930369
282326
964000070
126412318
74132180
731956492
361402532
517571236
997084845
257819972
216434470
628734289
517770796
522562005
740000899
171454248
940987617
429126516
230934826
8907904
231858658
232167694
126320228
311912367
783083251
